Time (s),A(a),R(r),A(a!1).R(r!1)
0,1000,1000,0
2e-05,990,990,10
4e-05,980,980,20
6e-05,966,966,34
8e-05,955,955,45
0.0001,947,947,53
0.00012,941,941,59
0.00014,932,932,68
0.00016,920,920,80
0.00018,905,905,95
0.0002,892,892,108
0.00022,882,882,118
0.00024,871,871,129
0.00026,861,861,139
0.00028,851,851,149
0.0003,845,845,155
0.00032,839,839,161
0.00034,830,830,170
0.00036,820,820,180
0.00038,809,809,191
0.0004,800,800,200
0.00042,796,796,204
0.00044,788,788,212
0.00046,779,779,221
0.00048,772,772,228
0.0005,763,763,237
0.00052,756,756,244
0.00054,751,751,249
0.00056,745,745,255
0.00058,738,738,262
0.0006,732,732,268
0.00062,726,726,274
0.00064,724,724,276
0.00066,721,721,279
0.00068,716,716,284
0.0007,713,713,287
0.00072,709,709,291
0.00074,707,707,293
0.00076,704,704,296
0.00078,699,699,301
0.0008,689,689,311
0.00082,687,687,313
0.00084,679,679,321
0.00086,675,675,325
0.00088,670,670,330
0.0009,666,666,334
0.00092,659,659,341
0.00094,656,656,344
0.00096,653,653,347
0.00098,649,649,351
0.001,643,643,357
0.00102,639,639,361
0.00104,636,636,364
0.00106,634,634,366
0.00108,632,632,368
0.0011,628,628,372
0.00112,622,622,378
0.00114,620,620,380
0.00116,617,617,383
0.00118,613,613,387
0.0012,611,611,389
0.00122,607,607,393
0.00124,604,604,396
0.00126,601,601,399
0.00128,592,592,408
0.0013,586,586,414
0.00132,580,580,420
0.00134,576,576,424
0.00136,575,575,425
0.00138,572,572,428
0.0014,566,566,434
0.00142,565,565,435
0.00144,563,563,437
0.00146,564,564,436
0.00148,556,556,444
0.0015,547,547,453
0.00152,542,542,458
0.00154,542,542,458
0.00156,539,539,461
0.00158,533,533,467
0.0016,531,531,469
0.00162,528,528,472
0.00164,525,525,475
0.00166,519,519,481
0.00168,516,516,484
0.0017,511,511,489
0.00172,506,506,494
0.00174,505,505,495
0.00176,505,505,495
0.00178,506,506,494
0.0018,503,503,497
0.00182,502,502,498
0.00184,500,500,500
0.00186,500,500,500
0.00188,501,501,499
0.0019,499,499,501
0.00192,498,498,502
0.00194,494,494,506
0.00196,493,493,507
0.00198,491,491,509
0.002,486,486,514
0.00202,485,485,515
0.00204,480,480,520
0.00206,478,478,522
0.00208,475,475,525
0.0021,472,472,528
0.00212,469,469,531
0.00214,467,467,533
0.00216,466,466,534
0.00218,463,463,537
0.0022,460,460,540
0.00222,459,459,541
0.00224,458,458,542
0.00226,455,455,545
0.00228,453,453,547
0.0023,451,451,549
0.00232,451,451,549
0.00234,447,447,553
0.00236,447,447,553
0.00238,445,445,555
0.0024,446,446,554
0.00242,443,443,557
0.00244,444,444,556
0.00246,443,443,557
0.00248,437,437,563
0.0025,437,437,563
0.00252,434,434,566
0.00254,433,433,567
0.00256,428,428,572
0.00258,424,424,576
0.0026,422,422,578
0.00262,421,421,579
0.00264,417,417,583
0.00266,416,416,584
0.00268,417,417,583
0.0027,417,417,583
0.00272,417,417,583
0.00274,415,415,585
0.00276,415,415,585
0.00278,413,413,587
0.0028,411,411,589
0.00282,411,411,589
0.00284,408,408,592
0.00286,405,405,595
0.00288,406,406,594
0.0029,405,405,595
0.00292,404,404,596
0.00294,405,405,595
0.00296,402,402,598
0.00298,401,401,599
0.003,397,397,603
0.00302,395,395,605
0.00304,393,393,607
0.00306,393,393,607
0.00308,394,394,606
0.0031,391,391,609
0.00312,385,385,615
0.00314,384,384,616
0.00316,383,383,617
0.00318,383,383,617
0.0032,382,382,618
0.00322,383,383,617
0.00324,383,383,617
0.00326,384,384,616
0.00328,384,384,616
0.0033,383,383,617
0.00332,384,384,616
0.00334,382,382,618
0.00336,382,382,618
0.00338,381,381,619
0.0034,381,381,619
0.00342,381,381,619
0.00344,381,381,619
0.00346,381,381,619
0.00348,379,379,621
0.0035,379,379,621
0.00352,380,380,620
0.00354,379,379,621
0.00356,377,377,623
0.00358,373,373,627
0.0036,372,372,628
0.00362,372,372,628
0.00364,372,372,628
0.00366,368,368,632
0.00368,366,366,634
0.0037,363,363,637
0.00372,364,364,636
0.00374,362,362,638
0.00376,361,361,639
0.00378,360,360,640
0.0038,358,358,642
0.00382,359,359,641
0.00384,357,357,643
0.00386,356,356,644
0.00388,356,356,644
0.0039,353,353,647
0.00392,353,353,647
0.00394,352,352,648
0.00396,350,350,650
0.00398,352,352,648
0.004,352,352,648
0.00402,350,350,650
0.00404,349,349,651
0.00406,348,348,652
0.00408,348,348,652
0.0041,345,345,655
0.00412,345,345,655
0.00414,342,342,658
0.00416,341,341,659
0.00418,341,341,659
0.0042,341,341,659
0.00422,341,341,659
0.00424,340,340,660
0.00426,341,341,659
0.00428,341,341,659
0.0043,340,340,660
0.00432,339,339,661
0.00434,339,339,661
0.00436,340,340,660
0.00438,341,341,659
0.0044,342,342,658
0.00442,343,343,657
0.00444,343,343,657
0.00446,343,343,657
0.00448,342,342,658
0.0045,342,342,658
0.00452,340,340,660
0.00454,339,339,661
0.00456,338,338,662
0.00458,338,338,662
0.0046,336,336,664
0.00462,334,334,666
0.00464,335,335,665
0.00466,337,337,663
0.00468,336,336,664
0.0047,335,335,665
0.00472,336,336,664
0.00474,336,336,664
0.00476,336,336,664
0.00478,336,336,664
0.0048,336,336,664
0.00482,336,336,664
0.00484,335,335,665
0.00486,333,333,667
0.00488,332,332,668
0.0049,331,331,669
0.00492,330,330,670
0.00494,328,328,672
0.00496,330,330,670
0.00498,334,334,666
0.005,333,333,667
0.00502,332,332,668
0.00504,330,330,670
0.00506,331,331,669
0.00508,330,330,670
0.0051,329,329,671
0.00512,328,328,672
0.00514,328,328,672
0.00516,327,327,673
0.00518,326,326,674
0.0052,327,327,673
0.00522,326,326,674
0.00524,324,324,676
0.00526,321,321,679
0.00528,321,321,679
0.0053,320,320,680
0.00532,319,319,681
0.00534,320,320,680
0.00536,320,320,680
0.00538,320,320,680
0.0054,320,320,680
0.00542,321,321,679
0.00544,318,318,682
0.00546,317,317,683
0.00548,316,316,684
0.0055,316,316,684
0.00552,318,318,682
0.00554,314,314,686
0.00556,313,313,687
0.00558,313,313,687
0.0056,312,312,688
0.00562,311,311,689
0.00564,312,312,688
0.00566,312,312,688
0.00568,309,309,691
0.0057,306,306,694
0.00572,308,308,692
0.00574,308,308,692
0.00576,303,303,697
0.00578,305,305,695
0.0058,305,305,695
0.00582,307,307,693
0.00584,307,307,693
0.00586,307,307,693
0.00588,306,306,694
0.0059,305,305,695
0.00592,308,308,692
0.00594,306,306,694
0.00596,306,306,694
0.00598,305,305,695
0.006,307,307,693
0.00602,305,305,695
0.00604,303,303,697
0.00606,304,304,696
0.00608,302,302,698
0.0061,302,302,698
0.00612,302,302,698
0.00614,301,301,699
0.00616,301,301,699
0.00618,299,299,701
0.0062,299,299,701
0.00622,299,299,701
0.00624,300,300,700
0.00626,299,299,701
0.00628,298,298,702
0.0063,298,298,702
0.00632,298,298,702
0.00634,296,296,704
0.00636,293,293,707
0.00638,294,294,706
0.0064,294,294,706
0.00642,295,295,705
0.00644,296,296,704
0.00646,298,298,702
0.00648,299,299,701
0.0065,299,299,701
0.00652,299,299,701
0.00654,298,298,702
0.00656,298,298,702
0.00658,299,299,701
0.0066,297,297,703
0.00662,296,296,704
0.00664,296,296,704
0.00666,295,295,705
0.00668,295,295,705
0.0067,296,296,704
0.00672,296,296,704
0.00674,296,296,704
0.00676,297,297,703
0.00678,295,295,705
0.0068,293,293,707
0.00682,292,292,708
0.00684,294,294,706
0.00686,293,293,707
0.00688,290,290,710
0.0069,289,289,711
0.00692,290,290,710
0.00694,291,291,709
0.00696,289,289,711
0.00698,289,289,711
0.007,286,286,714
0.00702,285,285,715
0.00704,286,286,714
0.00706,286,286,714
0.00708,287,287,713
0.0071,287,287,713
0.00712,286,286,714
0.00714,284,284,716
0.00716,285,285,715
0.00718,283,283,717
0.0072,284,284,716
0.00722,283,283,717
0.00724,283,283,717
0.00726,283,283,717
0.00728,283,283,717
0.0073,283,283,717
0.00732,283,283,717
0.00734,285,285,715
0.00736,284,284,716
0.00738,285,285,715
0.0074,286,286,714
0.00742,287,287,713
0.00744,287,287,713
0.00746,285,285,715
0.00748,283,283,717
0.0075,283,283,717
0.00752,283,283,717
0.00754,282,282,718
0.00756,282,282,718
0.00758,281,281,719
0.0076,281,281,719
0.00762,283,283,717
0.00764,284,284,716
0.00766,283,283,717
0.00768,284,284,716
0.0077,286,286,714
0.00772,287,287,713
0.00774,286,286,714
0.00776,283,283,717
0.00778,284,284,716
0.0078,285,285,715
0.00782,285,285,715
0.00784,284,284,716
0.00786,283,283,717
0.00788,284,284,716
0.0079,283,283,717
0.00792,280,280,720
0.00794,279,279,721
0.00796,281,281,719
0.00798,281,281,719
0.008,279,279,721
0.00802,278,278,722
0.00804,278,278,722
0.00806,279,279,721
0.00808,277,277,723
0.0081,279,279,721
0.00812,279,279,721
0.00814,280,280,720
0.00816,281,281,719
0.00818,281,281,719
0.0082,279,279,721
0.00822,279,279,721
0.00824,279,279,721
0.00826,278,278,722
0.00828,278,278,722
0.0083,278,278,722
0.00832,276,276,724
0.00834,279,279,721
0.00836,280,280,720
0.00838,279,279,721
0.0084,277,277,723
0.00842,277,277,723
0.00844,276,276,724
0.00846,279,279,721
0.00848,279,279,721
0.0085,278,278,722
0.00852,278,278,722
0.00854,276,276,724
0.00856,277,277,723
0.00858,277,277,723
0.0086,275,275,725
0.00862,276,276,724
0.00864,276,276,724
0.00866,275,275,725
0.00868,277,277,723
0.0087,277,277,723
0.00872,278,278,722
0.00874,278,278,722
0.00876,279,279,721
0.00878,279,279,721
0.0088,278,278,722
0.00882,275,275,725
0.00884,274,274,726
0.00886,275,275,725
0.00888,274,274,726
0.0089,273,273,727
0.00892,273,273,727
0.00894,273,273,727
0.00896,275,275,725
0.00898,274,274,726
0.009,274,274,726
0.00902,274,274,726
0.00904,273,273,727
0.00906,274,274,726
0.00908,274,274,726
0.0091,273,273,727
0.00912,273,273,727
0.00914,274,274,726
0.00916,275,275,725
0.00918,272,272,728
0.0092,273,273,727
0.00922,272,272,728
0.00924,269,269,731
0.00926,271,271,729
0.00928,271,271,729
0.0093,269,269,731
0.00932,269,269,731
0.00934,269,269,731
0.00936,269,269,731
0.00938,269,269,731
0.0094,268,268,732
0.00942,268,268,732
0.00944,269,269,731
0.00946,269,269,731
0.00948,270,270,730
0.0095,269,269,731
0.00952,268,268,732
0.00954,267,267,733
0.00956,266,266,734
0.00958,265,265,735
0.0096,267,267,733
0.00962,266,266,734
0.00964,265,265,735
0.00966,264,264,736
0.00968,265,265,735
0.0097,265,265,735
0.00972,264,264,736
0.00974,261,261,739
0.00976,261,261,739
0.00978,261,261,739
0.0098,261,261,739
0.00982,260,260,740
0.00984,259,259,741
0.00986,261,261,739
0.00988,261,261,739
0.0099,261,261,739
0.00992,261,261,739
0.00994,262,262,738
0.00996,263,263,737
0.00998,261,261,739
0.01,262,262,738
0.01002,262,262,738
0.01004,261,261,739
0.01006,259,259,741
0.01008,259,259,741
0.0101,258,258,742
0.01012,258,258,742
0.01014,258,258,742
0.01016,258,258,742
0.01018,256,256,744
0.0102,257,257,743
0.01022,257,257,743
0.01024,256,256,744
0.01026,255,255,745
0.01028,255,255,745
0.0103,254,254,746
0.01032,254,254,746
0.01034,253,253,747
0.01036,253,253,747
0.01038,253,253,747
0.0104,253,253,747
0.01042,254,254,746
0.01044,253,253,747
0.01046,252,252,748
0.01048,254,254,746
0.0105,254,254,746
0.01052,255,255,745
0.01054,254,254,746
0.01056,254,254,746
0.01058,255,255,745
0.0106,255,255,745
0.01062,254,254,746
0.01064,255,255,745
0.01066,255,255,745
0.01068,254,254,746
0.0107,253,253,747
0.01072,253,253,747
0.01074,252,252,748
0.01076,251,251,749
0.01078,251,251,749
0.0108,252,252,748
0.01082,252,252,748
0.01084,250,250,750
0.01086,250,250,750
0.01088,252,252,748
0.0109,253,253,747
0.01092,251,251,749
0.01094,252,252,748
0.01096,252,252,748
0.01098,253,253,747
0.011,253,253,747
0.01102,253,253,747
0.01104,253,253,747
0.01106,253,253,747
0.01108,252,252,748
0.0111,253,253,747
0.01112,252,252,748
0.01114,251,251,749
0.01116,251,251,749
0.01118,250,250,750
0.0112,250,250,750
0.01122,250,250,750
0.01124,252,252,748
0.01126,251,251,749
0.01128,251,251,749
0.0113,252,252,748
0.01132,253,253,747
0.01134,254,254,746
0.01136,254,254,746
0.01138,252,252,748
0.0114,251,251,749
0.01142,251,251,749
0.01144,251,251,749
0.01146,249,249,751
0.01148,249,249,751
0.0115,249,249,751
0.01152,251,251,749
0.01154,250,250,750
0.01156,250,250,750
0.01158,249,249,751
0.0116,249,249,751
0.01162,249,249,751
0.01164,248,248,752
0.01166,246,246,754
0.01168,245,245,755
0.0117,245,245,755
0.01172,246,246,754
0.01174,246,246,754
0.01176,246,246,754
0.01178,247,247,753
0.0118,246,246,754
0.01182,247,247,753
0.01184,245,245,755
0.01186,245,245,755
0.01188,244,244,756
0.0119,244,244,756
0.01192,244,244,756
0.01194,244,244,756
0.01196,242,242,758
0.01198,242,242,758
0.012,244,244,756
0.01202,245,245,755
0.01204,244,244,756
0.01206,242,242,758
0.01208,242,242,758
0.0121,242,242,758
0.01212,243,243,757
0.01214,241,241,759
0.01216,240,240,760
0.01218,239,239,761
0.0122,239,239,761
0.01222,241,241,759
0.01224,240,240,760
0.01226,241,241,759
0.01228,241,241,759
0.0123,242,242,758
0.01232,242,242,758
0.01234,242,242,758
0.01236,243,243,757
0.01238,243,243,757
0.0124,243,243,757
0.01242,243,243,757
0.01244,244,244,756
0.01246,246,246,754
0.01248,244,244,756
0.0125,242,242,758
0.01252,243,243,757
0.01254,244,244,756
0.01256,244,244,756
0.01258,244,244,756
0.0126,244,244,756
0.01262,247,247,753
0.01264,249,249,751
0.01266,249,249,751
0.01268,248,248,752
0.0127,248,248,752
0.01272,247,247,753
0.01274,247,247,753
0.01276,247,247,753
0.01278,247,247,753
0.0128,247,247,753
0.01282,245,245,755
0.01284,249,249,751
0.01286,249,249,751
0.01288,248,248,752
0.0129,250,250,750
0.01292,248,248,752
0.01294,246,246,754
0.01296,246,246,754
0.01298,247,247,753
0.013,246,246,754
0.01302,246,246,754
0.01304,247,247,753
0.01306,248,248,752
0.01308,248,248,752
0.0131,247,247,753
0.01312,246,246,754
0.01314,246,246,754
0.01316,248,248,752
0.01318,248,248,752
0.0132,247,247,753
0.01322,247,247,753
0.01324,246,246,754
0.01326,246,246,754
0.01328,248,248,752
0.0133,248,248,752
0.01332,247,247,753
0.01334,248,248,752
0.01336,249,249,751
0.01338,250,250,750
0.0134,251,251,749
0.01342,251,251,749
0.01344,252,252,748
0.01346,253,253,747
0.01348,251,251,749
0.0135,250,250,750
0.01352,251,251,749
0.01354,251,251,749
0.01356,251,251,749
0.01358,249,249,751
0.0136,247,247,753
0.01362,246,246,754
0.01364,247,247,753
0.01366,246,246,754
0.01368,246,246,754
0.0137,247,247,753
0.01372,246,246,754
0.01374,246,246,754
0.01376,247,247,753
0.01378,247,247,753
0.0138,246,246,754
0.01382,245,245,755
0.01384,244,244,756
0.01386,244,244,756
0.01388,247,247,753
0.0139,246,246,754
0.01392,245,245,755
0.01394,246,246,754
0.01396,246,246,754
0.01398,245,245,755
0.014,246,246,754
0.01402,247,247,753
0.01404,249,249,751
0.01406,250,250,750
0.01408,250,250,750
0.0141,250,250,750
0.01412,249,249,751
0.01414,250,250,750
0.01416,250,250,750
0.01418,250,250,750
0.0142,250,250,750
0.01422,250,250,750
0.01424,250,250,750
0.01426,249,249,751
0.01428,249,249,751
0.0143,248,248,752
0.01432,247,247,753
0.01434,248,248,752
0.01436,248,248,752
0.01438,246,246,754
0.0144,247,247,753
0.01442,247,247,753
0.01444,245,245,755
0.01446,246,246,754
0.01448,245,245,755
0.0145,246,246,754
0.01452,246,246,754
0.01454,248,248,752
0.01456,249,249,751
0.01458,249,249,751
0.0146,249,249,751
0.01462,249,249,751
0.01464,252,252,748
0.01466,249,249,751
0.01468,250,250,750
0.0147,251,251,749
0.01472,249,249,751
0.01474,248,248,752
0.01476,248,248,752
0.01478,246,246,754
0.0148,246,246,754
0.01482,244,244,756
0.01484,244,244,756
0.01486,243,243,757
0.01488,243,243,757
0.0149,245,245,755
0.01492,245,245,755
0.01494,245,245,755
0.01496,246,246,754
0.01498,246,246,754
0.015,244,244,756
0.01502,244,244,756
0.01504,243,243,757
0.01506,246,246,754
0.01508,246,246,754
0.0151,244,244,756
0.01512,243,243,757
0.01514,243,243,757
0.01516,244,244,756
0.01518,244,244,756
0.0152,244,244,756
0.01522,244,244,756
0.01524,245,245,755
0.01526,244,244,756
0.01528,243,243,757
0.0153,242,242,758
0.01532,245,245,755
0.01534,243,243,757
0.01536,242,242,758
0.01538,242,242,758
0.0154,243,243,757
0.01542,244,244,756
0.01544,243,243,757
0.01546,241,241,759
0.01548,243,243,757
0.0155,243,243,757
0.01552,244,244,756
0.01554,244,244,756
0.01556,243,243,757
0.01558,242,242,758
0.0156,242,242,758
0.01562,242,242,758
0.01564,242,242,758
0.01566,242,242,758
0.01568,243,243,757
0.0157,244,244,756
0.01572,244,244,756
0.01574,246,246,754
0.01576,246,246,754
0.01578,247,247,753
0.0158,247,247,753
0.01582,245,245,755
0.01584,243,243,757
0.01586,244,244,756
0.01588,245,245,755
0.0159,245,245,755
0.01592,244,244,756
0.01594,246,246,754
0.01596,244,244,756
0.01598,244,244,756
0.016,245,245,755
0.01602,249,249,751
0.01604,248,248,752
0.01606,248,248,752
0.01608,248,248,752
0.0161,249,249,751
0.01612,249,249,751
0.01614,248,248,752
0.01616,247,247,753
0.01618,248,248,752
0.0162,248,248,752
0.01622,249,249,751
0.01624,250,250,750
0.01626,248,248,752
0.01628,249,249,751
0.0163,246,246,754
0.01632,246,246,754
0.01634,245,245,755
0.01636,247,247,753
0.01638,247,247,753
0.0164,247,247,753
0.01642,248,248,752
0.01644,248,248,752
0.01646,250,250,750
0.01648,249,249,751
0.0165,250,250,750
0.01652,251,251,749
0.01654,251,251,749
0.01656,253,253,747
0.01658,252,252,748
0.0166,254,254,746
0.01662,254,254,746
0.01664,253,253,747
0.01666,253,253,747
0.01668,253,253,747
0.0167,254,254,746
0.01672,254,254,746
0.01674,254,254,746
0.01676,255,255,745
0.01678,257,257,743
0.0168,260,260,740
0.01682,262,262,738
0.01684,262,262,738
0.01686,262,262,738
0.01688,262,262,738
0.0169,263,263,737
0.01692,263,263,737
0.01694,264,264,736
0.01696,264,264,736
0.01698,265,265,735
0.017,265,265,735
0.01702,263,263,737
0.01704,264,264,736
0.01706,265,265,735
0.01708,265,265,735
0.0171,264,264,736
0.01712,266,266,734
0.01714,265,265,735
0.01716,264,264,736
0.01718,264,264,736
0.0172,264,264,736
0.01722,263,263,737
0.01724,262,262,738
0.01726,263,263,737
0.01728,262,262,738
0.0173,264,264,736
0.01732,263,263,737
0.01734,264,264,736
0.01736,266,266,734
0.01738,267,267,733
0.0174,269,269,731
0.01742,268,268,732
0.01744,270,270,730
0.01746,268,268,732
0.01748,268,268,732
0.0175,269,269,731
0.01752,270,270,730
0.01754,270,270,730
0.01756,272,272,728
0.01758,274,274,726
0.0176,276,276,724
0.01762,274,274,726
0.01764,275,275,725
0.01766,275,275,725
0.01768,275,275,725
0.0177,273,273,727
0.01772,273,273,727
0.01774,274,274,726
0.01776,273,273,727
0.01778,273,273,727
0.0178,272,272,728
0.01782,274,274,726
0.01784,274,274,726
0.01786,272,272,728
0.01788,271,271,729
0.0179,271,271,729
0.01792,271,271,729
0.01794,269,269,731
0.01796,270,270,730
0.01798,271,271,729
0.018,270,270,730
0.01802,270,270,730
0.01804,269,269,731
0.01806,269,269,731
0.01808,269,269,731
0.0181,270,270,730
0.01812,269,269,731
0.01814,268,268,732
0.01816,268,268,732
0.01818,269,269,731
0.0182,269,269,731
0.01822,269,269,731
0.01824,269,269,731
0.01826,267,267,733
0.01828,269,269,731
0.0183,267,267,733
0.01832,265,265,735
0.01834,267,267,733
0.01836,268,268,732
0.01838,269,269,731
0.0184,270,270,730
0.01842,272,272,728
0.01844,273,273,727
0.01846,273,273,727
0.01848,274,274,726
0.0185,278,278,722
0.01852,277,277,723
0.01854,278,278,722
0.01856,277,277,723
0.01858,278,278,722
0.0186,281,281,719
0.01862,280,280,720
0.01864,280,280,720
0.01866,280,280,720
0.01868,279,279,721
0.0187,279,279,721
0.01872,280,280,720
0.01874,280,280,720
0.01876,279,279,721
0.01878,281,281,719
0.0188,278,278,722
0.01882,279,279,721
0.01884,277,277,723
0.01886,277,277,723
0.01888,275,275,725
0.0189,276,276,724
0.01892,277,277,723
0.01894,278,278,722
0.01896,277,277,723
0.01898,276,276,724
0.019,275,275,725
0.01902,276,276,724
0.01904,277,277,723
0.01906,277,277,723
0.01908,276,276,724
0.0191,276,276,724
0.01912,276,276,724
0.01914,276,276,724
0.01916,276,276,724
0.01918,275,275,725
0.0192,276,276,724
0.01922,274,274,726
0.01924,272,272,728
0.01926,270,270,730
0.01928,271,271,729
0.0193,269,269,731
0.01932,270,270,730
0.01934,269,269,731
0.01936,269,269,731
0.01938,266,266,734
0.0194,266,266,734
0.01942,267,267,733
0.01944,266,266,734
0.01946,265,265,735
0.01948,267,267,733
0.0195,268,268,732
0.01952,267,267,733
0.01954,266,266,734
0.01956,265,265,735
0.01958,266,266,734
0.0196,266,266,734
0.01962,264,264,736
0.01964,265,265,735
0.01966,265,265,735
0.01968,266,266,734
0.0197,266,266,734
0.01972,267,267,733
0.01974,267,267,733
0.01976,267,267,733
0.01978,267,267,733
0.0198,267,267,733
0.01982,268,268,732
0.01984,268,268,732
0.01986,268,268,732
0.01988,268,268,732
0.0199,270,270,730
0.01992,268,268,732
0.01994,265,265,735
0.01996,268,268,732
0.01998,269,269,731
0.02,268,268,732
0.02002,269,269,731
0.02004,270,270,730
0.02006,268,268,732
0.02008,266,266,734
0.0201,266,266,734
0.02012,265,265,735
0.02014,267,267,733
0.02016,267,267,733
0.02018,266,266,734
0.0202,265,265,735
0.02022,263,263,737
0.02024,262,262,738
0.02026,261,261,739
0.02028,260,260,740
0.0203,259,259,741
0.02032,258,258,742
0.02034,257,257,743
0.02036,256,256,744
0.02038,256,256,744
0.0204,257,257,743
0.02042,258,258,742
0.02044,259,259,741
0.02046,260,260,740
0.02048,259,259,741
0.0205,259,259,741
0.02052,258,258,742
0.02054,259,259,741
0.02056,259,259,741
0.02058,260,260,740
0.0206,260,260,740
0.02062,263,263,737
0.02064,263,263,737
0.02066,263,263,737
0.02068,263,263,737
0.0207,263,263,737
0.02072,264,264,736
0.02074,262,262,738
0.02076,263,263,737
0.02078,262,262,738
0.0208,262,262,738
0.02082,260,260,740
0.02084,259,259,741
0.02086,258,258,742
0.02088,257,257,743
0.0209,256,256,744
0.02092,257,257,743
0.02094,256,256,744
0.02096,255,255,745
0.02098,256,256,744
0.021,257,257,743
0.02102,257,257,743
0.02104,255,255,745
0.02106,257,257,743
0.02108,254,254,746
0.0211,253,253,747
0.02112,250,250,750
0.02114,248,248,752
0.02116,249,249,751
0.02118,248,248,752
0.0212,252,252,748
0.02122,253,253,747
0.02124,251,251,749
0.02126,251,251,749
0.02128,251,251,749
0.0213,251,251,749
0.02132,252,252,748
0.02134,254,254,746
0.02136,254,254,746
0.02138,253,253,747
0.0214,252,252,748
0.02142,252,252,748
0.02144,252,252,748
0.02146,254,254,746
0.02148,256,256,744
0.0215,255,255,745
0.02152,254,254,746
0.02154,254,254,746
0.02156,255,255,745
0.02158,254,254,746
0.0216,254,254,746
0.02162,256,256,744
0.02164,256,256,744
0.02166,254,254,746
0.02168,256,256,744
0.0217,254,254,746
0.02172,253,253,747
0.02174,254,254,746
0.02176,256,256,744
0.02178,257,257,743
0.0218,259,259,741
0.02182,261,261,739
0.02184,261,261,739
0.02186,261,261,739
0.02188,261,261,739
0.0219,260,260,740
0.02192,258,258,742
0.02194,259,259,741
0.02196,258,258,742
0.02198,258,258,742
0.022,257,257,743
0.02202,257,257,743
0.02204,258,258,742
0.02206,257,257,743
0.02208,256,256,744
0.0221,256,256,744
0.02212,254,254,746
0.02214,255,255,745
0.02216,255,255,745
0.02218,255,255,745
0.0222,254,254,746
0.02222,253,253,747
0.02224,255,255,745
0.02226,254,254,746
0.02228,255,255,745
0.0223,260,260,740
0.02232,260,260,740
0.02234,259,259,741
0.02236,259,259,741
0.02238,259,259,741
0.0224,258,258,742
0.02242,258,258,742
0.02244,258,258,742
0.02246,258,258,742
0.02248,258,258,742
0.0225,258,258,742
0.02252,258,258,742
0.02254,260,260,740
0.02256,259,259,741
0.02258,261,261,739
0.0226,261,261,739
0.02262,260,260,740
0.02264,259,259,741
0.02266,259,259,741
0.02268,258,258,742
0.0227,258,258,742
0.02272,258,258,742
0.02274,258,258,742
0.02276,259,259,741
0.02278,259,259,741
0.0228,259,259,741
0.02282,257,257,743
0.02284,256,256,744
0.02286,258,258,742
0.02288,261,261,739
0.0229,261,261,739
0.02292,260,260,740
0.02294,261,261,739
0.02296,262,262,738
0.02298,262,262,738
0.023,263,263,737
0.02302,263,263,737
0.02304,262,262,738
0.02306,263,263,737
0.02308,262,262,738
0.0231,261,261,739
0.02312,263,263,737
0.02314,262,262,738
0.02316,261,261,739
0.02318,261,261,739
0.0232,260,260,740
0.02322,259,259,741
0.02324,258,258,742
0.02326,257,257,743
0.02328,257,257,743
0.0233,258,258,742
0.02332,260,260,740
0.02334,262,262,738
0.02336,262,262,738
0.02338,261,261,739
0.0234,261,261,739
0.02342,262,262,738
0.02344,262,262,738
0.02346,261,261,739
0.02348,260,260,740
0.0235,259,259,741
0.02352,260,260,740
0.02354,259,259,741
0.02356,259,259,741
0.02358,260,260,740
0.0236,261,261,739
0.02362,260,260,740
0.02364,260,260,740
0.02366,260,260,740
0.02368,260,260,740
0.0237,261,261,739
0.02372,261,261,739
0.02374,262,262,738
0.02376,262,262,738
0.02378,263,263,737
0.0238,262,262,738
0.02382,261,261,739
0.02384,259,259,741
0.02386,258,258,742
0.02388,256,256,744
0.0239,255,255,745
0.02392,254,254,746
0.02394,255,255,745
0.02396,254,254,746
0.02398,254,254,746
0.024,252,252,748
0.02402,252,252,748
0.02404,251,251,749
0.02406,251,251,749
0.02408,252,252,748
0.0241,251,251,749
0.02412,250,250,750
0.02414,250,250,750
0.02416,251,251,749
0.02418,250,250,750
0.0242,250,250,750
0.02422,249,249,751
0.02424,247,247,753
0.02426,247,247,753
0.02428,248,248,752
0.0243,250,250,750
0.02432,249,249,751
0.02434,249,249,751
0.02436,248,248,752
0.02438,248,248,752
0.0244,247,247,753
0.02442,249,249,751
0.02444,249,249,751
0.02446,249,249,751
0.02448,248,248,752
0.0245,247,247,753
0.02452,247,247,753
0.02454,248,248,752
0.02456,251,251,749
0.02458,250,250,750
0.0246,251,251,749
0.02462,251,251,749
0.02464,250,250,750
0.02466,251,251,749
0.02468,253,253,747
0.0247,255,255,745
0.02472,257,257,743
0.02474,255,255,745
0.02476,255,255,745
0.02478,255,255,745
0.0248,253,253,747
0.02482,253,253,747
0.02484,250,250,750
0.02486,250,250,750
0.02488,249,249,751
0.0249,247,247,753
0.02492,249,249,751
0.02494,249,249,751
0.02496,250,250,750
0.02498,250,250,750
0.025,250,250,750
0.02502,250,250,750
0.02504,249,249,751
0.02506,251,251,749
0.02508,251,251,749
0.0251,248,248,752
0.02512,248,248,752
0.02514,247,247,753
0.02516,247,247,753
0.02518,246,246,754
0.0252,248,248,752
0.02522,247,247,753
0.02524,246,246,754
0.02526,246,246,754
0.02528,248,248,752
0.0253,250,250,750
0.02532,251,251,749
0.02534,249,249,751
0.02536,248,248,752
0.02538,249,249,751
0.0254,248,248,752
0.02542,247,247,753
0.02544,247,247,753
0.02546,248,248,752
0.02548,248,248,752
0.0255,248,248,752
0.02552,247,247,753
0.02554,248,248,752
0.02556,248,248,752
0.02558,251,251,749
0.0256,250,250,750
0.02562,247,247,753
0.02564,247,247,753
0.02566,247,247,753
0.02568,245,245,755
0.0257,245,245,755
0.02572,244,244,756
0.02574,244,244,756
0.02576,243,243,757
0.02578,242,242,758
0.0258,245,245,755
0.02582,246,246,754
0.02584,247,247,753
0.02586,248,248,752
0.02588,250,250,750
0.0259,249,249,751
0.02592,249,249,751
0.02594,250,250,750
0.02596,247,247,753
0.02598,248,248,752
0.026,248,248,752
0.02602,246,246,754
0.02604,248,248,752
0.02606,251,251,749
0.02608,252,252,748
0.0261,252,252,748
0.02612,253,253,747
0.02614,252,252,748
0.02616,250,250,750
0.02618,250,250,750
0.0262,249,249,751
0.02622,250,250,750
0.02624,249,249,751
0.02626,248,248,752
0.02628,248,248,752
0.0263,249,249,751
0.02632,252,252,748
0.02634,251,251,749
0.02636,251,251,749
0.02638,253,253,747
0.0264,254,254,746
0.02642,254,254,746
0.02644,254,254,746
0.02646,254,254,746
0.02648,252,252,748
0.0265,252,252,748
0.02652,255,255,745
0.02654,255,255,745
0.02656,253,253,747
0.02658,256,256,744
0.0266,257,257,743
0.02662,256,256,744
0.02664,255,255,745
0.02666,255,255,745
0.02668,257,257,743
0.0267,255,255,745
0.02672,253,253,747
0.02674,251,251,749
0.02676,251,251,749
0.02678,253,253,747
0.0268,252,252,748
0.02682,251,251,749
0.02684,250,250,750
0.02686,252,252,748
0.02688,252,252,748
0.0269,251,251,749
0.02692,251,251,749
0.02694,250,250,750
0.02696,248,248,752
0.02698,250,250,750
0.027,250,250,750
0.02702,251,251,749
0.02704,250,250,750
0.02706,250,250,750
0.02708,251,251,749
0.0271,251,251,749
0.02712,251,251,749
0.02714,250,250,750
0.02716,248,248,752
0.02718,245,245,755
0.0272,245,245,755
0.02722,243,243,757
0.02724,244,244,756
0.02726,243,243,757
0.02728,242,242,758
0.0273,243,243,757
0.02732,243,243,757
0.02734,244,244,756
0.02736,245,245,755
0.02738,245,245,755
0.0274,246,246,754
0.02742,247,247,753
0.02744,247,247,753
0.02746,249,249,751
0.02748,249,249,751
0.0275,248,248,752
0.02752,247,247,753
0.02754,245,245,755
0.02756,243,243,757
0.02758,242,242,758
0.0276,243,243,757
0.02762,242,242,758
0.02764,246,246,754
0.02766,245,245,755
0.02768,244,244,756
0.0277,245,245,755
0.02772,243,243,757
0.02774,240,240,760
0.02776,241,241,759
0.02778,243,243,757
0.0278,243,243,757
0.02782,243,243,757
0.02784,243,243,757
0.02786,245,245,755
0.02788,246,246,754
0.0279,246,246,754
0.02792,245,245,755
0.02794,247,247,753
0.02796,247,247,753
0.02798,249,249,751
0.028,249,249,751
0.02802,250,250,750
0.02804,250,250,750
0.02806,254,254,746
0.02808,254,254,746
0.0281,254,254,746
0.02812,253,253,747
0.02814,254,254,746
0.02816,254,254,746
0.02818,254,254,746
0.0282,255,255,745
0.02822,255,255,745
0.02824,254,254,746
0.02826,253,253,747
0.02828,254,254,746
0.0283,254,254,746
0.02832,255,255,745
0.02834,255,255,745
0.02836,255,255,745
0.02838,255,255,745
0.0284,254,254,746
0.02842,254,254,746
0.02844,254,254,746
0.02846,257,257,743
0.02848,256,256,744
0.0285,256,256,744
0.02852,254,254,746
0.02854,253,253,747
0.02856,253,253,747
0.02858,253,253,747
0.0286,254,254,746
0.02862,254,254,746
0.02864,255,255,745
0.02866,255,255,745
0.02868,254,254,746
0.0287,254,254,746
0.02872,254,254,746
0.02874,254,254,746
0.02876,255,255,745
0.02878,253,253,747
0.0288,253,253,747
0.02882,253,253,747
0.02884,253,253,747
0.02886,254,254,746
0.02888,254,254,746
0.0289,252,252,748
0.02892,251,251,749
0.02894,251,251,749
0.02896,250,250,750
0.02898,252,252,748
0.029,252,252,748
0.02902,249,249,751
0.02904,250,250,750
0.02906,250,250,750
0.02908,250,250,750
0.0291,249,249,751
0.02912,248,248,752
0.02914,247,247,753
0.02916,247,247,753
0.02918,246,246,754
0.0292,246,246,754
0.02922,246,246,754
0.02924,246,246,754
0.02926,248,248,752
0.02928,249,249,751
0.0293,249,249,751
0.02932,251,251,749
0.02934,253,253,747
0.02936,255,255,745
0.02938,255,255,745
0.0294,255,255,745
0.02942,255,255,745
0.02944,255,255,745
0.02946,255,255,745
0.02948,254,254,746
0.0295,253,253,747
0.02952,254,254,746
0.02954,255,255,745
0.02956,253,253,747
0.02958,252,252,748
0.0296,252,252,748
0.02962,252,252,748
0.02964,251,251,749
0.02966,250,250,750
0.02968,250,250,750
0.0297,249,249,751
0.02972,247,247,753
0.02974,247,247,753
0.02976,246,246,754
0.02978,246,246,754
0.0298,246,246,754
0.02982,246,246,754
0.02984,247,247,753
0.02986,248,248,752
0.02988,247,247,753
0.0299,248,248,752
0.02992,248,248,752
0.02994,249,249,751
0.02996,249,249,751
0.02998,250,250,750
0.03,250,250,750
0.03002,249,249,751
0.03004,248,248,752
0.03006,249,249,751
0.03008,249,249,751
0.0301,249,249,751
0.03012,250,250,750
0.03014,250,250,750
0.03016,250,250,750
0.03018,250,250,750
0.0302,250,250,750
0.03022,249,249,751
0.03024,247,247,753
0.03026,247,247,753
0.03028,248,248,752
0.0303,248,248,752
0.03032,247,247,753
0.03034,248,248,752
0.03036,247,247,753
0.03038,246,246,754
0.0304,248,248,752
0.03042,248,248,752
0.03044,246,246,754
0.03046,245,245,755
0.03048,242,242,758
0.0305,242,242,758
0.03052,240,240,760
0.03054,241,241,759
0.03056,239,239,761
0.03058,240,240,760
0.0306,240,240,760
0.03062,240,240,760
0.03064,243,243,757
0.03066,244,244,756
0.03068,243,243,757
0.0307,243,243,757
0.03072,244,244,756
0.03074,243,243,757
0.03076,242,242,758
0.03078,242,242,758
0.0308,240,240,760
0.03082,238,238,762
0.03084,236,236,764
0.03086,235,235,765
0.03088,236,236,764
0.0309,237,237,763
0.03092,239,239,761
0.03094,239,239,761
0.03096,241,241,759
0.03098,241,241,759
0.031,242,242,758
0.03102,240,240,760
0.03104,240,240,760
0.03106,237,237,763
0.03108,237,237,763
0.0311,236,236,764
0.03112,236,236,764
0.03114,239,239,761
0.03116,241,241,759
0.03118,242,242,758
0.0312,243,243,757
0.03122,243,243,757
0.03124,244,244,756
0.03126,243,243,757
0.03128,243,243,757
0.0313,241,241,759
0.03132,243,243,757
0.03134,242,242,758
0.03136,242,242,758
0.03138,242,242,758
0.0314,242,242,758
0.03142,242,242,758
0.03144,242,242,758
0.03146,246,246,754
0.03148,247,247,753
0.0315,248,248,752
0.03152,249,249,751
0.03154,250,250,750
0.03156,254,254,746
0.03158,253,253,747
0.0316,253,253,747
0.03162,250,250,750
0.03164,248,248,752
0.03166,245,245,755
0.03168,243,243,757
0.0317,242,242,758
0.03172,241,241,759
0.03174,241,241,759
0.03176,241,241,759
0.03178,239,239,761
0.0318,238,238,762
0.03182,240,240,760
0.03184,240,240,760
0.03186,244,244,756
0.03188,243,243,757
0.0319,244,244,756
0.03192,245,245,755
0.03194,245,245,755
0.03196,244,244,756
0.03198,244,244,756
0.032,242,242,758
0.03202,240,240,760
0.03204,240,240,760
0.03206,241,241,759
0.03208,241,241,759
0.0321,244,244,756
0.03212,244,244,756
0.03214,244,244,756
0.03216,244,244,756
0.03218,242,242,758
0.0322,240,240,760
0.03222,241,241,759
0.03224,242,242,758
0.03226,242,242,758
0.03228,244,244,756
0.0323,244,244,756
0.03232,245,245,755
0.03234,243,243,757
0.03236,242,242,758
0.03238,241,241,759
0.0324,241,241,759
0.03242,241,241,759
0.03244,242,242,758
0.03246,240,240,760
0.03248,241,241,759
0.0325,241,241,759
0.03252,241,241,759
0.03254,241,241,759
0.03256,243,243,757
0.03258,244,244,756
0.0326,245,245,755
0.03262,247,247,753
0.03264,247,247,753
0.03266,248,248,752
0.03268,246,246,754
0.0327,247,247,753
0.03272,247,247,753
0.03274,247,247,753
0.03276,247,247,753
0.03278,246,246,754
0.0328,246,246,754
0.03282,246,246,754
0.03284,247,247,753
0.03286,247,247,753
0.03288,247,247,753
0.0329,247,247,753
0.03292,249,249,751
0.03294,251,251,749
0.03296,251,251,749
0.03298,250,250,750
0.033,251,251,749
0.03302,250,250,750
0.03304,253,253,747
0.03306,253,253,747
0.03308,253,253,747
0.0331,254,254,746
0.03312,255,255,745
0.03314,256,256,744
0.03316,254,254,746
0.03318,254,254,746
0.0332,256,256,744
0.03322,256,256,744
0.03324,258,258,742
0.03326,259,259,741
0.03328,257,257,743
0.0333,257,257,743
0.03332,259,259,741
0.03334,257,257,743
0.03336,256,256,744
0.03338,255,255,745
0.0334,254,254,746
0.03342,255,255,745
0.03344,255,255,745
0.03346,254,254,746
0.03348,253,253,747
0.0335,253,253,747
0.03352,253,253,747
0.03354,253,253,747
0.03356,253,253,747
0.03358,254,254,746
0.0336,253,253,747
0.03362,252,252,748
0.03364,251,251,749
0.03366,249,249,751
0.03368,249,249,751
0.0337,250,250,750
0.03372,253,253,747
0.03374,253,253,747
0.03376,254,254,746
0.03378,254,254,746
0.0338,252,252,748
0.03382,253,253,747
0.03384,255,255,745
0.03386,255,255,745
0.03388,256,256,744
0.0339,255,255,745
0.03392,255,255,745
0.03394,254,254,746
0.03396,254,254,746
0.03398,254,254,746
0.034,255,255,745
0.03402,255,255,745
0.03404,256,256,744
0.03406,256,256,744
0.03408,258,258,742
0.0341,259,259,741
0.03412,261,261,739
0.03414,261,261,739
0.03416,260,260,740
0.03418,261,261,739
0.0342,261,261,739
0.03422,262,262,738
0.03424,263,263,737
0.03426,261,261,739
0.03428,260,260,740
0.0343,262,262,738
0.03432,265,265,735
0.03434,266,266,734
0.03436,267,267,733
0.03438,266,266,734
0.0344,267,267,733
0.03442,267,267,733
0.03444,267,267,733
0.03446,267,267,733
0.03448,267,267,733
0.0345,267,267,733
0.03452,267,267,733
0.03454,267,267,733
0.03456,268,268,732
0.03458,268,268,732
0.0346,268,268,732
0.03462,267,267,733
0.03464,266,266,734
0.03466,267,267,733
0.03468,265,265,735
0.0347,266,266,734
0.03472,268,268,732
0.03474,268,268,732
0.03476,268,268,732
0.03478,269,269,731
0.0348,269,269,731
0.03482,270,270,730
0.03484,269,269,731
0.03486,269,269,731
0.03488,270,270,730
0.0349,269,269,731
0.03492,270,270,730
0.03494,271,271,729
0.03496,272,272,728
0.03498,271,271,729
0.035,271,271,729
0.03502,271,271,729
0.03504,271,271,729
0.03506,270,270,730
0.03508,268,268,732
0.0351,266,266,734
0.03512,265,265,735
0.03514,264,264,736
0.03516,262,262,738
0.03518,261,261,739
0.0352,260,260,740
0.03522,260,260,740
0.03524,261,261,739
0.03526,259,259,741
0.03528,259,259,741
0.0353,260,260,740
0.03532,261,261,739
0.03534,261,261,739
0.03536,261,261,739
0.03538,259,259,741
0.0354,259,259,741
0.03542,258,258,742
0.03544,258,258,742
0.03546,257,257,743
0.03548,257,257,743
0.0355,257,257,743
0.03552,256,256,744
0.03554,256,256,744
0.03556,255,255,745
0.03558,254,254,746
0.0356,255,255,745
0.03562,254,254,746
0.03564,255,255,745
0.03566,254,254,746
0.03568,253,253,747
0.0357,253,253,747
0.03572,252,252,748
0.03574,254,254,746
0.03576,252,252,748
0.03578,252,252,748
0.0358,251,251,749
0.03582,255,255,745
0.03584,254,254,746
0.03586,253,253,747
0.03588,253,253,747
0.0359,252,252,748
0.03592,254,254,746
0.03594,254,254,746
0.03596,254,254,746
0.03598,253,253,747
0.036,253,253,747
0.03602,253,253,747
0.03604,253,253,747
0.03606,254,254,746
0.03608,253,253,747
0.0361,253,253,747
0.03612,253,253,747
0.03614,254,254,746
0.03616,255,255,745
0.03618,258,258,742
0.0362,258,258,742
0.03622,259,259,741
0.03624,260,260,740
0.03626,260,260,740
0.03628,261,261,739
0.0363,262,262,738
0.03632,263,263,737
0.03634,265,265,735
0.03636,265,265,735
0.03638,265,265,735
0.0364,266,266,734
0.03642,267,267,733
0.03644,268,268,732
0.03646,267,267,733
0.03648,267,267,733
0.0365,267,267,733
0.03652,264,264,736
0.03654,263,263,737
0.03656,263,263,737
0.03658,262,262,738
0.0366,262,262,738
0.03662,262,262,738
0.03664,262,262,738
0.03666,262,262,738
0.03668,262,262,738
0.0367,262,262,738
0.03672,262,262,738
0.03674,262,262,738
0.03676,261,261,739
0.03678,259,259,741
0.0368,258,258,742
0.03682,255,255,745
0.03684,256,256,744
0.03686,254,254,746
0.03688,254,254,746
0.0369,255,255,745
0.03692,255,255,745
0.03694,257,257,743
0.03696,256,256,744
0.03698,256,256,744
0.037,257,257,743
0.03702,257,257,743
0.03704,257,257,743
0.03706,258,258,742
0.03708,258,258,742
0.0371,259,259,741
0.03712,261,261,739
0.03714,262,262,738
0.03716,262,262,738
0.03718,263,263,737
0.0372,262,262,738
0.03722,261,261,739
0.03724,260,260,740
0.03726,260,260,740
0.03728,261,261,739
0.0373,260,260,740
0.03732,262,262,738
0.03734,262,262,738
0.03736,262,262,738
0.03738,261,261,739
0.0374,260,260,740
0.03742,260,260,740
0.03744,258,258,742
0.03746,256,256,744
0.03748,257,257,743
0.0375,259,259,741
0.03752,259,259,741
0.03754,259,259,741
0.03756,259,259,741
0.03758,262,262,738
0.0376,262,262,738
0.03762,263,263,737
0.03764,265,265,735
0.03766,262,262,738
0.03768,262,262,738
0.0377,262,262,738
0.03772,262,262,738
0.03774,262,262,738
0.03776,260,260,740
0.03778,260,260,740
0.0378,261,261,739
0.03782,260,260,740
0.03784,259,259,741
0.03786,259,259,741
0.03788,259,259,741
0.0379,258,258,742
0.03792,257,257,743
0.03794,256,256,744
0.03796,256,256,744
0.03798,255,255,745
0.038,257,257,743
0.03802,257,257,743
0.03804,257,257,743
0.03806,257,257,743
0.03808,257,257,743
0.0381,257,257,743
0.03812,257,257,743
0.03814,256,256,744
0.03816,254,254,746
0.03818,251,251,749
0.0382,252,252,748
0.03822,252,252,748
0.03824,253,253,747
0.03826,253,253,747
0.03828,254,254,746
0.0383,254,254,746
0.03832,254,254,746
0.03834,252,252,748
0.03836,252,252,748
0.03838,253,253,747
0.0384,252,252,748
0.03842,253,253,747
0.03844,252,252,748
0.03846,254,254,746
0.03848,252,252,748
0.0385,253,253,747
0.03852,253,253,747
0.03854,252,252,748
0.03856,252,252,748
0.03858,252,252,748
0.0386,252,252,748
0.03862,251,251,749
0.03864,250,250,750
0.03866,250,250,750
0.03868,248,248,752
0.0387,248,248,752
0.03872,247,247,753
0.03874,247,247,753
0.03876,248,248,752
0.03878,249,249,751
0.0388,249,249,751
0.03882,247,247,753
0.03884,246,246,754
0.03886,246,246,754
0.03888,246,246,754
0.0389,247,247,753
0.03892,246,246,754
0.03894,245,245,755
0.03896,243,243,757
0.03898,243,243,757
0.039,247,247,753
0.03902,248,248,752
0.03904,249,249,751
0.03906,248,248,752
0.03908,247,247,753
0.0391,247,247,753
0.03912,247,247,753
0.03914,246,246,754
0.03916,249,249,751
0.03918,249,249,751
0.0392,250,250,750
0.03922,251,251,749
0.03924,251,251,749
0.03926,250,250,750
0.03928,249,249,751
0.0393,250,250,750
0.03932,252,252,748
0.03934,251,251,749
0.03936,250,250,750
0.03938,249,249,751
0.0394,250,250,750
0.03942,251,251,749
0.03944,252,252,748
0.03946,253,253,747
0.03948,254,254,746
0.0395,255,255,745
0.03952,256,256,744
0.03954,256,256,744
0.03956,257,257,743
0.03958,258,258,742
0.0396,259,259,741
0.03962,261,261,739
0.03964,263,263,737
0.03966,262,262,738
0.03968,263,263,737
0.0397,266,266,734
0.03972,264,264,736
0.03974,265,265,735
0.03976,266,266,734
0.03978,267,267,733
0.0398,267,267,733
0.03982,267,267,733
0.03984,269,269,731
0.03986,267,267,733
0.03988,268,268,732
0.0399,267,267,733
0.03992,269,269,731
0.03994,269,269,731
0.03996,269,269,731
0.03998,269,269,731
0.04,267,267,733
0.04002,267,267,733
0.04004,268,268,732
0.04006,269,269,731
0.04008,268,268,732
0.0401,268,268,732
0.04012,268,268,732
0.04014,272,272,728
0.04016,270,270,730
0.04018,269,269,731
0.0402,269,269,731
0.04022,268,268,732
0.04024,266,266,734
0.04026,267,267,733
0.04028,267,267,733
0.0403,264,264,736
0.04032,266,266,734
0.04034,268,268,732
0.04036,268,268,732
0.04038,268,268,732
0.0404,267,267,733
0.04042,266,266,734
0.04044,264,264,736
0.04046,265,265,735
0.04048,265,265,735
0.0405,267,267,733
0.04052,266,266,734
0.04054,264,264,736
0.04056,265,265,735
0.04058,264,264,736
0.0406,264,264,736
0.04062,264,264,736
0.04064,264,264,736
0.04066,264,264,736
0.04068,263,263,737
0.0407,261,261,739
0.04072,261,261,739
0.04074,261,261,739
0.04076,259,259,741
0.04078,257,257,743
0.0408,260,260,740
0.04082,261,261,739
0.04084,260,260,740
0.04086,260,260,740
0.04088,259,259,741
0.0409,258,258,742
0.04092,258,258,742
0.04094,258,258,742
0.04096,258,258,742
0.04098,259,259,741
0.041,260,260,740
0.04102,260,260,740
0.04104,260,260,740
0.04106,258,258,742
0.04108,258,258,742
0.0411,259,259,741
0.04112,257,257,743
0.04114,256,256,744
0.04116,255,255,745
0.04118,256,256,744
0.0412,255,255,745
0.04122,253,253,747
0.04124,254,254,746
0.04126,254,254,746
0.04128,257,257,743
0.0413,258,258,742
0.04132,257,257,743
0.04134,257,257,743
0.04136,256,256,744
0.04138,256,256,744
0.0414,256,256,744
0.04142,255,255,745
0.04144,254,254,746
0.04146,253,253,747
0.04148,253,253,747
0.0415,254,254,746
0.04152,254,254,746
0.04154,254,254,746
0.04156,255,255,745
0.04158,256,256,744
0.0416,257,257,743
0.04162,256,256,744
0.04164,255,255,745
0.04166,257,257,743
0.04168,258,258,742
0.0417,254,254,746
0.04172,253,253,747
0.04174,252,252,748
0.04176,252,252,748
0.04178,253,253,747
0.0418,252,252,748
0.04182,250,250,750
0.04184,251,251,749
0.04186,252,252,748
0.04188,253,253,747
0.0419,252,252,748
0.04192,250,250,750
0.04194,249,249,751
0.04196,250,250,750
0.04198,249,249,751
0.042,248,248,752
0.04202,249,249,751
0.04204,248,248,752
0.04206,249,249,751
0.04208,249,249,751
0.0421,249,249,751
0.04212,248,248,752
0.04214,248,248,752
0.04216,247,247,753
0.04218,247,247,753
0.0422,247,247,753
0.04222,245,245,755
0.04224,245,245,755
0.04226,244,244,756
0.04228,245,245,755
0.0423,244,244,756
0.04232,244,244,756
0.04234,244,244,756
0.04236,244,244,756
0.04238,245,245,755
0.0424,245,245,755
0.04242,245,245,755
0.04244,247,247,753
0.04246,246,246,754
0.04248,246,246,754
0.0425,245,245,755
0.04252,245,245,755
0.04254,243,243,757
0.04256,244,244,756
0.04258,243,243,757
0.0426,243,243,757
0.04262,243,243,757
0.04264,243,243,757
0.04266,242,242,758
0.04268,244,244,756
0.0427,244,244,756
0.04272,244,244,756
0.04274,245,245,755
0.04276,244,244,756
0.04278,245,245,755
0.0428,247,247,753
0.04282,247,247,753
0.04284,247,247,753
0.04286,246,246,754
0.04288,246,246,754
0.0429,246,246,754
0.04292,247,247,753
0.04294,247,247,753
0.04296,247,247,753
0.04298,246,246,754
0.043,245,245,755
0.04302,244,244,756
0.04304,246,246,754
0.04306,246,246,754
0.04308,244,244,756
0.0431,245,245,755
0.04312,246,246,754
0.04314,247,247,753
0.04316,248,248,752
0.04318,248,248,752
0.0432,247,247,753
0.04322,246,246,754
0.04324,246,246,754
0.04326,246,246,754
0.04328,246,246,754
0.0433,244,244,756
0.04332,243,243,757
0.04334,242,242,758
0.04336,242,242,758
0.04338,242,242,758
0.0434,241,241,759
0.04342,240,240,760
0.04344,240,240,760
0.04346,240,240,760
0.04348,241,241,759
0.0435,240,240,760
0.04352,241,241,759
0.04354,242,242,758
0.04356,242,242,758
0.04358,242,242,758
0.0436,241,241,759
0.04362,241,241,759
0.04364,243,243,757
0.04366,243,243,757
0.04368,244,244,756
0.0437,244,244,756
0.04372,243,243,757
0.04374,244,244,756
0.04376,246,246,754
0.04378,246,246,754
0.0438,245,245,755
0.04382,246,246,754
0.04384,246,246,754
0.04386,246,246,754
0.04388,247,247,753
0.0439,247,247,753
0.04392,248,248,752
0.04394,251,251,749
0.04396,253,253,747
0.04398,252,252,748
0.044,252,252,748
0.04402,251,251,749
0.04404,252,252,748
0.04406,252,252,748
0.04408,252,252,748
0.0441,252,252,748
0.04412,252,252,748
0.04414,252,252,748
0.04416,251,251,749
0.04418,249,249,751
0.0442,251,251,749
0.04422,251,251,749
0.04424,252,252,748
0.04426,252,252,748
0.04428,252,252,748
0.0443,250,250,750
0.04432,251,251,749
0.04434,252,252,748
0.04436,253,253,747
0.04438,253,253,747
0.0444,253,253,747
0.04442,253,253,747
0.04444,251,251,749
0.04446,251,251,749
0.04448,251,251,749
0.0445,252,252,748
0.04452,252,252,748
0.04454,251,251,749
0.04456,251,251,749
0.04458,251,251,749
0.0446,249,249,751
0.04462,248,248,752
0.04464,248,248,752
0.04466,248,248,752
0.04468,248,248,752
0.0447,248,248,752
0.04472,248,248,752
0.04474,248,248,752
0.04476,248,248,752
0.04478,248,248,752
0.0448,247,247,753
0.04482,245,245,755
0.04484,245,245,755
0.04486,244,244,756
0.04488,243,243,757
0.0449,241,241,759
0.04492,240,240,760
0.04494,241,241,759
0.04496,243,243,757
0.04498,244,244,756
0.045,244,244,756
0.04502,244,244,756
0.04504,244,244,756
0.04506,244,244,756
0.04508,244,244,756
0.0451,243,243,757
0.04512,244,244,756
0.04514,243,243,757
0.04516,243,243,757
0.04518,243,243,757
0.0452,242,242,758
0.04522,244,244,756
0.04524,245,245,755
0.04526,247,247,753
0.04528,246,246,754
0.0453,248,248,752
0.04532,250,250,750
0.04534,250,250,750
0.04536,249,249,751
0.04538,248,248,752
0.0454,249,249,751
0.04542,250,250,750
0.04544,249,249,751
0.04546,246,246,754
0.04548,246,246,754
0.0455,246,246,754
0.04552,245,245,755
0.04554,246,246,754
0.04556,246,246,754
0.04558,247,247,753
0.0456,247,247,753
0.04562,247,247,753
0.04564,248,248,752
0.04566,247,247,753
0.04568,247,247,753
0.0457,246,246,754
0.04572,245,245,755
0.04574,245,245,755
0.04576,245,245,755
0.04578,245,245,755
0.0458,244,244,756
0.04582,244,244,756
0.04584,242,242,758
0.04586,243,243,757
0.04588,243,243,757
0.0459,242,242,758
0.04592,244,244,756
0.04594,244,244,756
0.04596,244,244,756
0.04598,243,243,757
0.046,243,243,757
0.04602,244,244,756
0.04604,242,242,758
0.04606,242,242,758
0.04608,240,240,760
0.0461,238,238,762
0.04612,238,238,762
0.04614,238,238,762
0.04616,240,240,760
0.04618,238,238,762
0.0462,238,238,762
0.04622,239,239,761
0.04624,238,238,762
0.04626,239,239,761
0.04628,239,239,761
0.0463,240,240,760
0.04632,241,241,759
0.04634,241,241,759
0.04636,241,241,759
0.04638,241,241,759
0.0464,241,241,759
0.04642,238,238,762
0.04644,239,239,761
0.04646,241,241,759
0.04648,241,241,759
0.0465,241,241,759
0.04652,240,240,760
0.04654,237,237,763
0.04656,238,238,762
0.04658,237,237,763
0.0466,237,237,763
0.04662,236,236,764
0.04664,236,236,764
0.04666,236,236,764
0.04668,235,235,765
0.0467,235,235,765
0.04672,235,235,765
0.04674,236,236,764
0.04676,236,236,764
0.04678,236,236,764
0.0468,234,234,766
0.04682,234,234,766
0.04684,234,234,766
0.04686,234,234,766
0.04688,233,233,767
0.0469,234,234,766
0.04692,234,234,766
0.04694,234,234,766
0.04696,234,234,766
0.04698,235,235,765
0.047,236,236,764
0.04702,238,238,762
0.04704,238,238,762
0.04706,238,238,762
0.04708,233,233,767
0.0471,232,232,768
0.04712,234,234,766
0.04714,233,233,767
0.04716,234,234,766
0.04718,233,233,767
0.0472,233,233,767
0.04722,232,232,768
0.04724,231,231,769
0.04726,233,233,767
0.04728,234,234,766
0.0473,239,239,761
0.04732,239,239,761
0.04734,238,238,762
0.04736,238,238,762
0.04738,237,237,763
0.0474,238,238,762
0.04742,238,238,762
0.04744,239,239,761
0.04746,238,238,762
0.04748,239,239,761
0.0475,242,242,758
0.04752,242,242,758
0.04754,243,243,757
0.04756,242,242,758
0.04758,240,240,760
0.0476,240,240,760
0.04762,240,240,760
0.04764,241,241,759
0.04766,240,240,760
0.04768,239,239,761
0.0477,239,239,761
0.04772,240,240,760
0.04774,238,238,762
0.04776,238,238,762
0.04778,238,238,762
0.0478,239,239,761
0.04782,242,242,758
0.04784,241,241,759
0.04786,240,240,760
0.04788,240,240,760
0.0479,240,240,760
0.04792,242,242,758
0.04794,238,238,762
0.04796,238,238,762
0.04798,237,237,763
0.048,239,239,761
0.04802,238,238,762
0.04804,238,238,762
0.04806,239,239,761
0.04808,237,237,763
0.0481,236,236,764
0.04812,237,237,763
0.04814,236,236,764
0.04816,235,235,765
0.04818,237,237,763
0.0482,240,240,760
0.04822,239,239,761
0.04824,239,239,761
0.04826,238,238,762
0.04828,236,236,764
0.0483,236,236,764
0.04832,236,236,764
0.04834,237,237,763
0.04836,235,235,765
0.04838,236,236,764
0.0484,236,236,764
0.04842,236,236,764
0.04844,237,237,763
0.04846,236,236,764
0.04848,237,237,763
0.0485,237,237,763
0.04852,235,235,765
0.04854,234,234,766
0.04856,236,236,764
0.04858,236,236,764
0.0486,237,237,763
0.04862,237,237,763
0.04864,237,237,763
0.04866,239,239,761
0.04868,242,242,758
0.0487,242,242,758
0.04872,241,241,759
0.04874,241,241,759
0.04876,242,242,758
0.04878,243,243,757
0.0488,245,245,755
0.04882,245,245,755
0.04884,244,244,756
0.04886,244,244,756
0.04888,245,245,755
0.0489,244,244,756
0.04892,243,243,757
0.04894,241,241,759
0.04896,242,242,758
0.04898,242,242,758
0.049,242,242,758
0.04902,241,241,759
0.04904,244,244,756
0.04906,244,244,756
0.04908,245,245,755
0.0491,245,245,755
0.04912,245,245,755
0.04914,245,245,755
0.04916,246,246,754
0.04918,245,245,755
0.0492,244,244,756
0.04922,243,243,757
0.04924,243,243,757
0.04926,246,246,754
0.04928,243,243,757
0.0493,241,241,759
0.04932,241,241,759
0.04934,241,241,759
0.04936,242,242,758
0.04938,242,242,758
0.0494,241,241,759
0.04942,239,239,761
0.04944,239,239,761
0.04946,239,239,761
0.04948,239,239,761
0.0495,240,240,760
0.04952,239,239,761
0.04954,238,238,762
0.04956,238,238,762
0.04958,239,239,761
0.0496,237,237,763
0.04962,237,237,763
0.04964,237,237,763
0.04966,238,238,762
0.04968,239,239,761
0.0497,239,239,761
0.04972,239,239,761
0.04974,239,239,761
0.04976,238,238,762
0.04978,238,238,762
0.0498,239,239,761
0.04982,241,241,759
0.04984,241,241,759
0.04986,241,241,759
0.04988,240,240,760
0.0499,239,239,761
0.04992,237,237,763
0.04994,236,236,764
0.04996,237,237,763
0.04998,236,236,764
0.05,235,235,765
0.05002,238,238,762
0.05004,238,238,762
0.05006,238,238,762
0.05008,240,240,760
0.0501,240,240,760
0.05012,239,239,761
0.05014,239,239,761
0.05016,240,240,760
0.05018,241,241,759
0.0502,241,241,759
0.05022,243,243,757
0.05024,245,245,755
0.05026,245,245,755
0.05028,245,245,755
0.0503,246,246,754
0.05032,246,246,754
0.05034,248,248,752
0.05036,249,249,751
0.05038,250,250,750
0.0504,250,250,750
0.05042,251,251,749
0.05044,252,252,748
0.05046,255,255,745
0.05048,256,256,744
0.0505,256,256,744
0.05052,257,257,743
0.05054,257,257,743
0.05056,256,256,744
0.05058,255,255,745
0.0506,255,255,745
0.05062,255,255,745
0.05064,255,255,745
0.05066,252,252,748
0.05068,253,253,747
0.0507,251,251,749
0.05072,252,252,748
0.05074,253,253,747
0.05076,251,251,749
0.05078,252,252,748
0.0508,251,251,749
0.05082,251,251,749
0.05084,249,249,751
0.05086,251,251,749
0.05088,249,249,751
0.0509,247,247,753
0.05092,248,248,752
0.05094,250,250,750
0.05096,249,249,751
0.05098,250,250,750
0.051,248,248,752
0.05102,248,248,752
0.05104,248,248,752
0.05106,249,249,751
0.05108,249,249,751
0.0511,248,248,752
0.05112,250,250,750
0.05114,249,249,751
0.05116,248,248,752
0.05118,247,247,753
0.0512,246,246,754
0.05122,246,246,754
0.05124,246,246,754
0.05126,246,246,754
0.05128,247,247,753
0.0513,249,249,751
0.05132,251,251,749
0.05134,254,254,746
0.05136,252,252,748
0.05138,252,252,748
0.0514,252,252,748
0.05142,252,252,748
0.05144,251,251,749
0.05146,252,252,748
0.05148,251,251,749
0.0515,252,252,748
0.05152,253,253,747
0.05154,253,253,747
0.05156,251,251,749
0.05158,251,251,749
0.0516,251,251,749
0.05162,252,252,748
0.05164,251,251,749
0.05166,251,251,749
0.05168,251,251,749
0.0517,251,251,749
0.05172,250,250,750
0.05174,250,250,750
0.05176,251,251,749
0.05178,249,249,751
0.0518,250,250,750
0.05182,252,252,748
0.05184,253,253,747
0.05186,253,253,747
0.05188,254,254,746
0.0519,255,255,745
0.05192,253,253,747
0.05194,252,252,748
0.05196,253,253,747
0.05198,252,252,748
0.052,253,253,747
0.05202,253,253,747
0.05204,253,253,747
0.05206,254,254,746
0.05208,253,253,747
0.0521,253,253,747
0.05212,252,252,748
0.05214,251,251,749
0.05216,250,250,750
0.05218,250,250,750
0.0522,251,251,749
0.05222,253,253,747
0.05224,251,251,749
0.05226,251,251,749
0.05228,250,250,750
0.0523,251,251,749
0.05232,251,251,749
0.05234,252,252,748
0.05236,251,251,749
0.05238,249,249,751
0.0524,249,249,751
0.05242,249,249,751
0.05244,250,250,750
0.05246,251,251,749
0.05248,250,250,750
0.0525,250,250,750
0.05252,251,251,749
0.05254,250,250,750
0.05256,248,248,752
0.05258,249,249,751
0.0526,251,251,749
0.05262,249,249,751
0.05264,248,248,752
0.05266,248,248,752
0.05268,247,247,753
0.0527,246,246,754
0.05272,245,245,755
0.05274,245,245,755
0.05276,244,244,756
0.05278,243,243,757
0.0528,242,242,758
0.05282,242,242,758
0.05284,242,242,758
0.05286,242,242,758
0.05288,244,244,756
0.0529,245,245,755
0.05292,246,246,754
0.05294,247,247,753
0.05296,248,248,752
0.05298,245,245,755
0.053,245,245,755
0.05302,245,245,755
0.05304,245,245,755
0.05306,245,245,755
0.05308,244,244,756
0.0531,244,244,756
0.05312,245,245,755
0.05314,244,244,756
0.05316,243,243,757
0.05318,245,245,755
0.0532,247,247,753
0.05322,246,246,754
0.05324,246,246,754
0.05326,246,246,754
0.05328,244,244,756
0.0533,244,244,756
0.05332,247,247,753
0.05334,246,246,754
0.05336,247,247,753
0.05338,248,248,752
0.0534,247,247,753
0.05342,248,248,752
0.05344,248,248,752
0.05346,249,249,751
0.05348,249,249,751
0.0535,249,249,751
0.05352,248,248,752
0.05354,248,248,752
0.05356,248,248,752
0.05358,248,248,752
0.0536,248,248,752
0.05362,246,246,754
0.05364,243,243,757
0.05366,243,243,757
0.05368,242,242,758
0.0537,244,244,756
0.05372,246,246,754
0.05374,248,248,752
0.05376,250,250,750
0.05378,252,252,748
0.0538,251,251,749
0.05382,251,251,749
0.05384,251,251,749
0.05386,250,250,750
0.05388,249,249,751
0.0539,251,251,749
0.05392,251,251,749
0.05394,252,252,748
0.05396,252,252,748
0.05398,253,253,747
0.054,256,256,744
0.05402,255,255,745
0.05404,256,256,744
0.05406,260,260,740
0.05408,259,259,741
0.0541,258,258,742
0.05412,258,258,742
0.05414,257,257,743
0.05416,257,257,743
0.05418,256,256,744
0.0542,253,253,747
0.05422,252,252,748
0.05424,252,252,748
0.05426,252,252,748
0.05428,253,253,747
0.0543,253,253,747
0.05432,253,253,747
0.05434,253,253,747
0.05436,251,251,749
0.05438,249,249,751
0.0544,249,249,751
0.05442,249,249,751
0.05444,250,250,750
0.05446,251,251,749
0.05448,251,251,749
0.0545,253,253,747
0.05452,254,254,746
0.05454,252,252,748
0.05456,252,252,748
0.05458,250,250,750
0.0546,249,249,751
0.05462,249,249,751
0.05464,247,247,753
0.05466,244,244,756
0.05468,245,245,755
0.0547,247,247,753
0.05472,245,245,755
0.05474,246,246,754
0.05476,246,246,754
0.05478,247,247,753
0.0548,247,247,753
0.05482,247,247,753
0.05484,249,249,751
0.05486,249,249,751
0.05488,247,247,753
0.0549,246,246,754
0.05492,243,243,757
0.05494,243,243,757
0.05496,243,243,757
0.05498,243,243,757
0.055,244,244,756
0.05502,241,241,759
0.05504,241,241,759
0.05506,241,241,759
0.05508,240,240,760
0.0551,239,239,761
0.05512,239,239,761
0.05514,241,241,759
0.05516,239,239,761
0.05518,239,239,761
0.0552,240,240,760
0.05522,240,240,760
0.05524,240,240,760
0.05526,243,243,757
0.05528,242,242,758
0.0553,242,242,758
0.05532,244,244,756
0.05534,243,243,757
0.05536,241,241,759
0.05538,242,242,758
0.0554,243,243,757
0.05542,243,243,757
0.05544,243,243,757
0.05546,245,245,755
0.05548,246,246,754
0.0555,248,248,752
0.05552,248,248,752
0.05554,247,247,753
0.05556,246,246,754
0.05558,246,246,754
0.0556,250,250,750
0.05562,246,246,754
0.05564,245,245,755
0.05566,245,245,755
0.05568,245,245,755
0.0557,244,244,756
0.05572,243,243,757
0.05574,243,243,757
0.05576,244,244,756
0.05578,244,244,756
0.0558,243,243,757
0.05582,244,244,756
0.05584,246,246,754
0.05586,245,245,755
0.05588,244,244,756
0.0559,244,244,756
0.05592,245,245,755
0.05594,245,245,755
0.05596,245,245,755
0.05598,247,247,753
0.056,247,247,753
0.05602,247,247,753
0.05604,248,248,752
0.05606,250,250,750
0.05608,250,250,750
0.0561,249,249,751
0.05612,249,249,751
0.05614,252,252,748
0.05616,254,254,746
0.05618,254,254,746
0.0562,254,254,746
0.05622,253,253,747
0.05624,253,253,747
0.05626,253,253,747
0.05628,253,253,747
0.0563,255,255,745
0.05632,255,255,745
0.05634,255,255,745
0.05636,255,255,745
0.05638,255,255,745
0.0564,254,254,746
0.05642,255,255,745
0.05644,253,253,747
0.05646,252,252,748
0.05648,252,252,748
0.0565,253,253,747
0.05652,254,254,746
0.05654,257,257,743
0.05656,258,258,742
0.05658,258,258,742
0.0566,258,258,742
0.05662,259,259,741
0.05664,258,258,742
0.05666,260,260,740
0.05668,260,260,740
0.0567,258,258,742
0.05672,256,256,744
0.05674,257,257,743
0.05676,256,256,744
0.05678,256,256,744
0.0568,256,256,744
0.05682,258,258,742
0.05684,257,257,743
0.05686,255,255,745
0.05688,256,256,744
0.0569,256,256,744
0.05692,257,257,743
0.05694,255,255,745
0.05696,256,256,744
0.05698,257,257,743
0.057,257,257,743
0.05702,256,256,744
0.05704,255,255,745
0.05706,253,253,747
0.05708,252,252,748
0.0571,251,251,749
0.05712,249,249,751
0.05714,249,249,751
0.05716,249,249,751
0.05718,249,249,751
0.0572,249,249,751
0.05722,250,250,750
0.05724,251,251,749
0.05726,250,250,750
0.05728,250,250,750
0.0573,251,251,749
0.05732,252,252,748
0.05734,249,249,751
0.05736,249,249,751
0.05738,250,250,750
0.0574,252,252,748
0.05742,252,252,748
0.05744,252,252,748
0.05746,252,252,748
0.05748,252,252,748
0.0575,253,253,747
0.05752,253,253,747
0.05754,252,252,748
0.05756,252,252,748
0.05758,252,252,748
0.0576,250,250,750
0.05762,252,252,748
0.05764,251,251,749
0.05766,250,250,750
0.05768,250,250,750
0.0577,250,250,750
0.05772,249,249,751
0.05774,248,248,752
0.05776,246,246,754
0.05778,245,245,755
0.0578,246,246,754
0.05782,245,245,755
0.05784,245,245,755
0.05786,245,245,755
0.05788,245,245,755
0.0579,245,245,755
0.05792,245,245,755
0.05794,245,245,755
0.05796,243,243,757
0.05798,243,243,757
0.058,241,241,759
0.05802,242,242,758
0.05804,245,245,755
0.05806,246,246,754
0.05808,245,245,755
0.0581,248,248,752
0.05812,248,248,752
0.05814,249,249,751
0.05816,249,249,751
0.05818,251,251,749
0.0582,251,251,749
0.05822,251,251,749
0.05824,250,250,750
0.05826,249,249,751
0.05828,248,248,752
0.0583,248,248,752
0.05832,247,247,753
0.05834,247,247,753
0.05836,244,244,756
0.05838,243,243,757
0.0584,243,243,757
0.05842,244,244,756
0.05844,243,243,757
0.05846,244,244,756
0.05848,243,243,757
0.0585,242,242,758
0.05852,240,240,760
0.05854,242,242,758
0.05856,243,243,757
0.05858,244,244,756
0.0586,243,243,757
0.05862,244,244,756
0.05864,243,243,757
0.05866,241,241,759
0.05868,241,241,759
0.0587,241,241,759
0.05872,241,241,759
0.05874,241,241,759
0.05876,239,239,761
0.05878,240,240,760
0.0588,241,241,759
0.05882,243,243,757
0.05884,240,240,760
0.05886,241,241,759
0.05888,240,240,760
0.0589,240,240,760
0.05892,240,240,760
0.05894,239,239,761
0.05896,239,239,761
0.05898,242,242,758
0.059,244,244,756
0.05902,242,242,758
0.05904,244,244,756
0.05906,245,245,755
0.05908,247,247,753
0.0591,247,247,753
0.05912,249,249,751
0.05914,249,249,751
0.05916,249,249,751
0.05918,249,249,751
0.0592,249,249,751
0.05922,250,250,750
0.05924,250,250,750
0.05926,251,251,749
0.05928,251,251,749
0.0593,252,252,748
0.05932,253,253,747
0.05934,253,253,747
0.05936,253,253,747
0.05938,254,254,746
0.0594,256,256,744
0.05942,256,256,744
0.05944,256,256,744
0.05946,258,258,742
0.05948,258,258,742
0.0595,257,257,743
0.05952,255,255,745
0.05954,255,255,745
0.05956,255,255,745
0.05958,255,255,745
0.0596,255,255,745
0.05962,254,254,746
0.05964,254,254,746
0.05966,254,254,746
0.05968,257,257,743
0.0597,260,260,740
0.05972,260,260,740
0.05974,260,260,740
0.05976,263,263,737
0.05978,264,264,736
0.0598,266,266,734
0.05982,267,267,733
0.05984,266,266,734
0.05986,267,267,733
0.05988,267,267,733
0.0599,265,265,735
0.05992,265,265,735
0.05994,264,264,736
0.05996,262,262,738
0.05998,263,263,737
0.06,261,261,739
0.06002,261,261,739
0.06004,262,262,738
0.06006,260,260,740
0.06008,260,260,740
0.0601,259,259,741
0.06012,259,259,741
0.06014,262,262,738
0.06016,263,263,737
0.06018,262,262,738
0.0602,262,262,738
0.06022,261,261,739
0.06024,261,261,739
0.06026,260,260,740
0.06028,261,261,739
0.0603,260,260,740
0.06032,261,261,739
0.06034,261,261,739
0.06036,262,262,738
0.06038,260,260,740
0.0604,258,258,742
0.06042,258,258,742
0.06044,258,258,742
0.06046,258,258,742
0.06048,257,257,743
0.0605,254,254,746
0.06052,254,254,746
0.06054,254,254,746
0.06056,254,254,746
0.06058,255,255,745
0.0606,254,254,746
0.06062,254,254,746
0.06064,252,252,748
0.06066,253,253,747
0.06068,254,254,746
0.0607,254,254,746
0.06072,256,256,744
0.06074,256,256,744
0.06076,256,256,744
0.06078,258,258,742
0.0608,260,260,740
0.06082,261,261,739
0.06084,261,261,739
0.06086,261,261,739
0.06088,260,260,740
0.0609,262,262,738
0.06092,260,260,740
0.06094,260,260,740
0.06096,256,256,744
0.06098,256,256,744
0.061,257,257,743
0.06102,256,256,744
0.06104,255,255,745
0.06106,255,255,745
0.06108,255,255,745
0.0611,255,255,745
0.06112,253,253,747
0.06114,252,252,748
0.06116,251,251,749
0.06118,253,253,747
0.0612,253,253,747
0.06122,253,253,747
0.06124,252,252,748
0.06126,253,253,747
0.06128,254,254,746
0.0613,253,253,747
0.06132,252,252,748
0.06134,252,252,748
0.06136,252,252,748
0.06138,252,252,748
0.0614,252,252,748
0.06142,252,252,748
0.06144,252,252,748
0.06146,248,248,752
0.06148,249,249,751
0.0615,251,251,749
0.06152,249,249,751
0.06154,248,248,752
0.06156,248,248,752
0.06158,249,249,751
0.0616,250,250,750
0.06162,251,251,749
0.06164,251,251,749
0.06166,252,252,748
0.06168,252,252,748
0.0617,254,254,746
0.06172,255,255,745
0.06174,256,256,744
0.06176,256,256,744
0.06178,258,258,742
0.0618,259,259,741
0.06182,261,261,739
0.06184,261,261,739
0.06186,261,261,739
0.06188,259,259,741
0.0619,258,258,742
0.06192,257,257,743
0.06194,255,255,745
0.06196,255,255,745
0.06198,254,254,746
0.062,253,253,747
0.06202,254,254,746
0.06204,255,255,745
0.06206,252,252,748
0.06208,253,253,747
0.0621,252,252,748
0.06212,252,252,748
0.06214,251,251,749
0.06216,253,253,747
0.06218,254,254,746
0.0622,251,251,749
0.06222,252,252,748
0.06224,253,253,747
0.06226,255,255,745
0.06228,255,255,745
0.0623,255,255,745
0.06232,256,256,744
0.06234,256,256,744
0.06236,257,257,743
0.06238,257,257,743
0.0624,257,257,743
0.06242,256,256,744
0.06244,254,254,746
0.06246,254,254,746
0.06248,253,253,747
0.0625,254,254,746
0.06252,253,253,747
0.06254,253,253,747
0.06256,254,254,746
0.06258,254,254,746
0.0626,254,254,746
0.06262,254,254,746
0.06264,256,256,744
0.06266,255,255,745
0.06268,256,256,744
0.0627,256,256,744
0.06272,255,255,745
0.06274,254,254,746
0.06276,254,254,746
0.06278,254,254,746
0.0628,252,252,748
0.06282,252,252,748
0.06284,252,252,748
0.06286,251,251,749
0.06288,248,248,752
0.0629,246,246,754
0.06292,247,247,753
0.06294,246,246,754
0.06296,247,247,753
0.06298,248,248,752
0.063,247,247,753
0.06302,246,246,754
0.06304,247,247,753
0.06306,247,247,753
0.06308,246,246,754
0.0631,246,246,754
0.06312,246,246,754
0.06314,247,247,753
0.06316,246,246,754
0.06318,247,247,753
0.0632,249,249,751
0.06322,248,248,752
0.06324,249,249,751
0.06326,248,248,752
0.06328,249,249,751
0.0633,250,250,750
0.06332,249,249,751
0.06334,248,248,752
0.06336,248,248,752
0.06338,248,248,752
0.0634,249,249,751
0.06342,251,251,749
0.06344,251,251,749
0.06346,255,255,745
0.06348,255,255,745
0.0635,256,256,744
0.06352,256,256,744
0.06354,255,255,745
0.06356,253,253,747
0.06358,252,252,748
0.0636,251,251,749
0.06362,252,252,748
0.06364,252,252,748
0.06366,252,252,748
0.06368,253,253,747
0.0637,253,253,747
0.06372,252,252,748
0.06374,252,252,748
0.06376,252,252,748
0.06378,251,251,749
0.0638,251,251,749
0.06382,249,249,751
0.06384,250,250,750
0.06386,250,250,750
0.06388,250,250,750
0.0639,250,250,750
0.06392,251,251,749
0.06394,251,251,749
0.06396,250,250,750
0.06398,249,249,751
0.064,249,249,751
0.06402,249,249,751
0.06404,248,248,752
0.06406,248,248,752
0.06408,249,249,751
0.0641,251,251,749
0.06412,251,251,749
0.06414,252,252,748
0.06416,251,251,749
0.06418,249,249,751
0.0642,245,245,755
0.06422,245,245,755
0.06424,246,246,754
0.06426,246,246,754
0.06428,247,247,753
0.0643,247,247,753
0.06432,247,247,753
0.06434,247,247,753
0.06436,247,247,753
0.06438,249,249,751
0.0644,248,248,752
0.06442,248,248,752
0.06444,249,249,751
0.06446,249,249,751
0.06448,251,251,749
0.0645,252,252,748
0.06452,251,251,749
0.06454,251,251,749
0.06456,252,252,748
0.06458,251,251,749
0.0646,250,250,750
0.06462,250,250,750
0.06464,250,250,750
0.06466,251,251,749
0.06468,252,252,748
0.0647,251,251,749
0.06472,250,250,750
0.06474,251,251,749
0.06476,251,251,749
0.06478,251,251,749
0.0648,252,252,748
0.06482,251,251,749
0.06484,249,249,751
0.06486,248,248,752
0.06488,248,248,752
0.0649,248,248,752
0.06492,247,247,753
0.06494,245,245,755
0.06496,245,245,755
0.06498,244,244,756
0.065,244,244,756
0.06502,245,245,755
0.06504,245,245,755
0.06506,245,245,755
0.06508,246,246,754
0.0651,246,246,754
0.06512,244,244,756
0.06514,245,245,755
0.06516,245,245,755
0.06518,245,245,755
0.0652,244,244,756
0.06522,242,242,758
0.06524,243,243,757
0.06526,243,243,757
0.06528,241,241,759
0.0653,241,241,759
0.06532,239,239,761
0.06534,237,237,763
0.06536,238,238,762
0.06538,237,237,763
0.0654,238,238,762
0.06542,239,239,761
0.06544,239,239,761
0.06546,239,239,761
0.06548,239,239,761
0.0655,238,238,762
0.06552,238,238,762
0.06554,240,240,760
0.06556,239,239,761
0.06558,241,241,759
0.0656,241,241,759
0.06562,238,238,762
0.06564,238,238,762
0.06566,240,240,760
0.06568,241,241,759
0.0657,241,241,759
0.06572,241,241,759
0.06574,240,240,760
0.06576,239,239,761
0.06578,238,238,762
0.0658,237,237,763
0.06582,239,239,761
0.06584,239,239,761
0.06586,240,240,760
0.06588,241,241,759
0.0659,242,242,758
0.06592,244,244,756
0.06594,244,244,756
0.06596,245,245,755
0.06598,245,245,755
0.066,247,247,753
0.06602,246,246,754
0.06604,244,244,756
0.06606,243,243,757
0.06608,244,244,756
0.0661,245,245,755
0.06612,246,246,754
0.06614,246,246,754
0.06616,248,248,752
0.06618,247,247,753
0.0662,247,247,753
0.06622,249,249,751
0.06624,250,250,750
0.06626,251,251,749
0.06628,251,251,749
0.0663,251,251,749
0.06632,251,251,749
0.06634,252,252,748
0.06636,253,253,747
0.06638,252,252,748
0.0664,252,252,748
0.06642,254,254,746
0.06644,253,253,747
0.06646,254,254,746
0.06648,258,258,742
0.0665,259,259,741
0.06652,257,257,743
0.06654,257,257,743
0.06656,256,256,744
0.06658,254,254,746
0.0666,254,254,746
0.06662,253,253,747
0.06664,249,249,751
0.06666,250,250,750
0.06668,250,250,750
0.0667,250,250,750
0.06672,252,252,748
0.06674,251,251,749
0.06676,253,253,747
0.06678,253,253,747
0.0668,254,254,746
0.06682,256,256,744
0.06684,257,257,743
0.06686,256,256,744
0.06688,256,256,744
0.0669,257,257,743
0.06692,257,257,743
0.06694,259,259,741
0.06696,258,258,742
0.06698,259,259,741
0.067,258,258,742
0.06702,259,259,741
0.06704,259,259,741
0.06706,259,259,741
0.06708,259,259,741
0.0671,258,258,742
0.06712,259,259,741
0.06714,259,259,741
0.06716,259,259,741
0.06718,260,260,740
0.0672,260,260,740
0.06722,261,261,739
0.06724,261,261,739
0.06726,262,262,738
0.06728,262,262,738
0.0673,262,262,738
0.06732,261,261,739
0.06734,261,261,739
0.06736,261,261,739
0.06738,261,261,739
0.0674,260,260,740
0.06742,261,261,739
0.06744,261,261,739
0.06746,262,262,738
0.06748,263,263,737
0.0675,264,264,736
0.06752,263,263,737
0.06754,262,262,738
0.06756,261,261,739
0.06758,259,259,741
0.0676,259,259,741
0.06762,260,260,740
0.06764,261,261,739
0.06766,260,260,740
0.06768,261,261,739
0.0677,263,263,737
0.06772,264,264,736
0.06774,263,263,737
0.06776,262,262,738
0.06778,262,262,738
0.0678,262,262,738
0.06782,263,263,737
0.06784,262,262,738
0.06786,262,262,738
0.06788,261,261,739
0.0679,263,263,737
0.06792,262,262,738
0.06794,261,261,739
0.06796,262,262,738
0.06798,262,262,738
0.068,261,261,739
0.06802,260,260,740
0.06804,259,259,741
0.06806,259,259,741
0.06808,260,260,740
0.0681,259,259,741
0.06812,260,260,740
0.06814,261,261,739
0.06816,263,263,737
0.06818,261,261,739
0.0682,261,261,739
0.06822,261,261,739
0.06824,262,262,738
0.06826,263,263,737
0.06828,262,262,738
0.0683,262,262,738
0.06832,262,262,738
0.06834,260,260,740
0.06836,261,261,739
0.06838,260,260,740
0.0684,262,262,738
0.06842,258,258,742
0.06844,258,258,742
0.06846,258,258,742
0.06848,258,258,742
0.0685,258,258,742
0.06852,259,259,741
0.06854,258,258,742
0.06856,258,258,742
0.06858,258,258,742
0.0686,260,260,740
0.06862,259,259,741
0.06864,258,258,742
0.06866,257,257,743
0.06868,256,256,744
0.0687,255,255,745
0.06872,256,256,744
0.06874,256,256,744
0.06876,255,255,745
0.06878,256,256,744
0.0688,255,255,745
0.06882,257,257,743
0.06884,255,255,745
0.06886,256,256,744
0.06888,257,257,743
0.0689,255,255,745
0.06892,256,256,744
0.06894,255,255,745
0.06896,255,255,745
0.06898,255,255,745
0.069,253,253,747
0.06902,252,252,748
0.06904,252,252,748
0.06906,250,250,750
0.06908,250,250,750
0.0691,250,250,750
0.06912,250,250,750
0.06914,251,251,749
0.06916,251,251,749
0.06918,250,250,750
0.0692,251,251,749
0.06922,251,251,749
0.06924,252,252,748
0.06926,252,252,748
0.06928,253,253,747
0.0693,255,255,745
0.06932,257,257,743
0.06934,255,255,745
0.06936,255,255,745
0.06938,256,256,744
0.0694,255,255,745
0.06942,251,251,749
0.06944,251,251,749
0.06946,249,249,751
0.06948,252,252,748
0.0695,252,252,748
0.06952,252,252,748
0.06954,252,252,748
0.06956,251,251,749
0.06958,252,252,748
0.0696,252,252,748
0.06962,252,252,748
0.06964,253,253,747
0.06966,253,253,747
0.06968,252,252,748
0.0697,252,252,748
0.06972,253,253,747
0.06974,254,254,746
0.06976,253,253,747
0.06978,250,250,750
0.0698,250,250,750
0.06982,250,250,750
0.06984,250,250,750
0.06986,250,250,750
0.06988,249,249,751
0.0699,249,249,751
0.06992,249,249,751
0.06994,250,250,750
0.06996,247,247,753
0.06998,246,246,754
0.0699999,248,248,752
