   1.0000000e-04   6.6490900e+02   6.6490900e+02   3.7550071e+03   0.0000000e+00   0.0000000e+00   0.0000000e+00   0.0000000e+00   0.0000000e+00   0.0000000e+00
   1.0233402e-04   6.6489139e+02   6.6489139e+02   3.7549720e+03   1.7528197e-02   1.7528197e-02   1.9910350e-09   1.9910350e-09   7.7591395e-05   1.4266179e-10
   1.0472252e-04   6.6487338e+02   6.6487338e+02   3.7549362e+03   3.5464812e-02   3.5464812e-02   8.1722678e-09   8.1722678e-09   1.5698511e-04  -7.5794198e-11
   1.0716676e-04   6.6485494e+02   6.6485494e+02   3.7548994e+03   5.3819343e-02   5.3819343e-02   1.7949869e-08   1.7949869e-08   2.3822281e-04   2.8379110e-09
   1.0966806e-04   6.6483608e+02   6.6483608e+02   3.7548619e+03   7.2601510e-02   7.2601510e-02   3.1570804e-08   3.1570804e-08   3.2134710e-04   9.1050404e-09
   1.1222774e-04   6.6481677e+02   6.6481677e+02   3.7548234e+03   9.1821259e-02   9.1821259e-02   4.9295502e-08   4.9295502e-08   4.0640157e-04   1.8959018e-08
   1.1484715e-04   6.6479702e+02   6.6479702e+02   3.7547841e+03   1.1148877e-01   1.1148877e-01   7.2873303e-08   7.2873303e-08   4.9343078e-04   1.9449453e-08
   1.1752771e-04   6.6477680e+02   6.6477680e+02   3.7547439e+03   1.3161447e-01   1.3161447e-01   1.0265422e-07   1.0265422e-07   5.8248031e-04   2.5986288e-09
   1.2027083e-04   6.6475612e+02   6.6475612e+02   3.7547027e+03   1.5220899e-01   1.5220899e-01   1.3483319e-07   1.3483319e-07   6.7359686e-04   8.5259233e-10
   1.2307798e-04   6.6473495e+02   6.6473495e+02   3.7546605e+03   1.7328322e-01   1.7328322e-01   1.6954660e-07   1.6954660e-07   7.6682813e-04   1.5295793e-08
   1.2595065e-04   6.6471329e+02   6.6471329e+02   3.7546174e+03   1.9484831e-01   1.9484831e-01   2.0693783e-07   2.0693783e-07   8.6222290e-04   4.7072554e-08
   1.2889036e-04   6.6469112e+02   6.6469112e+02   3.7545733e+03   2.1691568e-01   2.1691568e-01   2.4715757e-07   2.4715757e-07   9.5983110e-04   9.7390107e-08
   1.3189869e-04   6.6466844e+02   6.6466844e+02   3.7545281e+03   2.3949699e-01   2.3949699e-01   2.9036421e-07   2.9036421e-07   1.0597037e-03   1.6752176e-07
   1.3497723e-04   6.6464523e+02   6.6464523e+02   3.7544819e+03   2.6260420e-01   2.6260420e-01   3.3672418e-07   3.3672418e-07   1.1618931e-03   2.5881025e-07
   1.3812763e-04   6.6462148e+02   6.6462148e+02   3.7544346e+03   2.8624952e-01   2.8624952e-01   3.8641238e-07   3.8641238e-07   1.2664524e-03   3.7267121e-07
   1.4135156e-04   6.6459718e+02   6.6459718e+02   3.7543862e+03   3.1044545e-01   3.1044545e-01   4.3961257e-07   4.3961257e-07   1.3734365e-03   5.1059685e-07
   1.4465073e-04   6.6457231e+02   6.6457231e+02   3.7543367e+03   3.3520478e-01   3.3520478e-01   4.9651780e-07   4.9651780e-07   1.4829010e-03   6.7415980e-07
   1.4802691e-04   6.6454686e+02   6.6454686e+02   3.7542860e+03   3.6054060e-01   3.6054060e-01   5.5733087e-07   5.5733087e-07   1.5949031e-03   8.6501715e-07
   1.5148189e-04   6.6452082e+02   6.6452082e+02   3.7542342e+03   3.8646630e-01   3.8646630e-01   6.2226484e-07   6.2226484e-07   1.7095013e-03   1.0849146e-06
   1.5501751e-04   6.6449417e+02   6.6449417e+02   3.7541811e+03   4.1299558e-01   4.1299558e-01   6.9154345e-07   6.9154345e-07   1.8267553e-03   1.3356911e-06
   1.5863565e-04   6.6446691e+02   6.6446691e+02   3.7541268e+03   4.4014246e-01   4.4014246e-01   7.6540171e-07   7.6540171e-07   1.9467261e-03   1.6192833e-06
   1.6233824e-04   6.6443901e+02   6.6443901e+02   3.7540712e+03   4.6792126e-01   4.6792126e-01   8.4408643e-07   8.4408643e-07   2.0694763e-03   1.9377302e-06
   1.6612725e-04   6.6441045e+02   6.6441045e+02   3.7540144e+03   4.9634667e-01   4.9634667e-01   9.2785678e-07   9.2785678e-07   2.1950697e-03   2.2931790e-06
   1.7000470e-04   6.6438124e+02   6.6438124e+02   3.7539562e+03   5.2543369e-01   5.2543369e-01   1.0169849e-06   1.0169849e-06   2.3235716e-03   2.6878895e-06
   1.7397264e-04   6.6435134e+02   6.6435134e+02   3.7538967e+03   5.5519814e-01   5.5519814e-01   1.1135758e-06   1.1135758e-06   2.4550480e-03   2.6224989e-06
   1.7803320e-04   6.6432075e+02   6.6432075e+02   3.7538358e+03   5.8565592e-01   5.8565592e-01   1.2162787e-06   1.2162787e-06   2.5895669e-03   1.8972021e-06
   1.8218853e-04   6.6428945e+02   6.6428945e+02   3.7537734e+03   6.1682240e-01   6.1682240e-01   1.3214696e-06   1.3214696e-06   2.7271994e-03   1.2696020e-06
   1.8644085e-04   6.6425741e+02   6.6425741e+02   3.7537097e+03   6.4871404e-01   6.4871404e-01   1.4292109e-06   1.4292109e-06   2.8680171e-03   7.4739215e-07
   1.9079242e-04   6.6422464e+02   6.6422464e+02   3.7536444e+03   6.8134764e-01   6.8134764e-01   1.5395666e-06   1.5395666e-06   3.0120931e-03   3.3870114e-07
   1.9524556e-04   6.6419110e+02   6.6419110e+02   3.7535776e+03   7.1474041e-01   7.1474041e-01   1.6526025e-06   1.6526025e-06   3.1595019e-03   5.2115091e-08
   1.9980263e-04   6.6415678e+02   6.6415678e+02   3.7535093e+03   7.4890996e-01   7.4890996e-01   1.7683861e-06   1.7683861e-06   3.3103200e-03  -1.0329913e-07
   2.0446607e-04   6.6412166e+02   6.6412166e+02   3.7534393e+03   7.8387429e-01   7.8387429e-01   1.8869866e-06   1.8869866e-06   3.4646254e-03  -1.1796943e-07
   2.0923835e-04   6.6408572e+02   6.6408572e+02   3.7533678e+03   8.1965181e-01   8.1965181e-01   2.0084751e-06   2.0084751e-06   3.6224981e-03   1.8207126e-08
   2.1412202e-04   6.6404895e+02   6.6404895e+02   3.7532946e+03   8.5626138e-01   8.5626138e-01   2.1329248e-06   2.1329248e-06   3.7840197e-03   3.1589129e-07
   2.1911967e-04   6.6401132e+02   6.6401132e+02   3.7532196e+03   8.9372227e-01   8.9372227e-01   2.2604108e-06   2.2604108e-06   3.9492736e-03   7.8632982e-07
   2.2423397e-04   6.6397282e+02   6.6397282e+02   3.7531430e+03   9.3205421e-01   9.3205421e-01   2.3910100e-06   2.3910100e-06   4.1183452e-03   1.4413851e-06
   2.2946764e-04   6.6393342e+02   6.6393342e+02   3.7530645e+03   9.7127736e-01   9.7127736e-01   2.5248017e-06   2.5248017e-06   4.2913217e-03   2.2935660e-06
   2.3482346e-04   6.6389311e+02   6.6389311e+02   3.7529842e+03   1.0114124e+00   1.0114124e+00   2.6618672e-06   2.6618672e-06   4.4682923e-03   3.3560609e-06
   2.4030429e-04   6.6385186e+02   6.6385186e+02   3.7529021e+03   1.0524803e+00   1.0524803e+00   2.8022900e-06   2.8022900e-06   4.6493482e-03   4.6427714e-06
   2.4591304e-04   6.6380965e+02   6.6380965e+02   3.7528181e+03   1.0945029e+00   1.0945029e+00   2.9461559e-06   2.9461559e-06   4.8345827e-03   6.1683481e-06
   2.5165271e-04   6.6376646e+02   6.6376646e+02   3.7527321e+03   1.1375021e+00   1.1375021e+00   3.0935532e-06   3.0935532e-06   5.0240909e-03   7.9482285e-06
   2.5752633e-04   6.6372227e+02   6.6372227e+02   3.7526441e+03   1.1815005e+00   1.1815005e+00   3.2445725e-06   3.2445725e-06   5.2179703e-03   9.9986760e-06
   2.6353705e-04   6.6367704e+02   6.6367704e+02   3.7525540e+03   1.2265213e+00   1.2265213e+00   3.3993068e-06   3.3993068e-06   5.4163206e-03   1.2336822e-05
   2.6968806e-04   6.6363077e+02   6.6363077e+02   3.7524619e+03   1.2725882e+00   1.2725882e+00   3.5578519e-06   3.5578519e-06   5.6192434e-03   1.4980706e-05
   2.7598264e-04   6.6358342e+02   6.6358342e+02   3.7523676e+03   1.3197252e+00   1.3197252e+00   3.7203061e-06   3.7203061e-06   5.8268428e-03   1.7949328e-05
   2.8242413e-04   6.6353497e+02   6.6353497e+02   3.7522711e+03   1.3679572e+00   1.3679572e+00   3.8867705e-06   3.8867705e-06   6.0392251e-03   2.1262688e-05
   2.8901597e-04   6.6348540e+02   6.6348540e+02   3.7521724e+03   1.4173095e+00   1.4173095e+00   4.0573491e-06   4.0573491e-06   6.2564990e-03   2.4941839e-05
   2.9576167e-04   6.6343468e+02   6.6343468e+02   3.7520714e+03   1.4678079e+00   1.4678079e+00   4.2321487e-06   4.2321487e-06   6.4787757e-03   2.9008944e-05
   3.0266481e-04   6.6338277e+02   6.6338277e+02   3.7519681e+03   1.5194789e+00   1.5194789e+00   4.4112790e-06   4.4112790e-06   6.7061686e-03   3.3487321e-05
   3.0972907e-04   6.6332966e+02   6.6332966e+02   3.7518623e+03   1.5723496e+00   1.5723496e+00   4.5948531e-06   4.5948531e-06   6.9387937e-03   3.8401509e-05
   3.1695821e-04   6.6327532e+02   6.6327532e+02   3.7517541e+03   1.6264478e+00   1.6264478e+00   4.7829870e-06   4.7829870e-06   7.1767697e-03   4.3777327e-05
   3.2435608e-04   6.6321972e+02   6.6321972e+02   3.7516434e+03   1.6818017e+00   1.6818017e+00   4.9758003e-06   4.9758003e-06   7.4202176e-03   4.9641931e-05
   3.3192662e-04   6.6316282e+02   6.6316282e+02   3.7515301e+03   1.7384403e+00   1.7384403e+00   5.1734156e-06   5.1734156e-06   7.6692614e-03   5.6023889e-05
   3.3967386e-04   6.6310461e+02   6.6310461e+02   3.7514142e+03   1.7963934e+00   1.7963934e+00   5.3759594e-06   5.3759594e-06   7.9240275e-03   6.2953242e-05
   3.4760192e-04   6.6304504e+02   6.6304504e+02   3.7512956e+03   1.8556911e+00   1.8556911e+00   5.5835616e-06   5.5835616e-06   8.1846453e-03   7.0461584e-05
   3.5571502e-04   6.6298409e+02   6.6298409e+02   3.7511742e+03   1.9163645e+00   1.9163645e+00   5.7963559e-06   5.7963559e-06   8.4512469e-03   7.8582134e-05
   3.6401748e-04   6.6292173e+02   6.6292173e+02   3.7510500e+03   1.9784454e+00   1.9784454e+00   6.0144799e-06   6.0144799e-06   8.7239671e-03   8.7349816e-05
   3.7251373e-04   6.6285792e+02   6.6285792e+02   3.7509229e+03   2.0419661e+00   2.0419661e+00   6.2380750e-06   6.2380750e-06   9.0029441e-03   9.6801344e-05
   3.8120828e-04   6.6279263e+02   6.6279263e+02   3.7507929e+03   2.1069599e+00   2.1069599e+00   6.4672870e-06   6.4672870e-06   9.2883186e-03   1.0697531e-04
   3.9010576e-04   6.6272583e+02   6.6272583e+02   3.7506599e+03   2.1734607e+00   2.1734607e+00   6.7022657e-06   6.7022657e-06   9.5802346e-03   1.1791228e-04
   3.9921091e-04   6.6265747e+02   6.6265747e+02   3.7505238e+03   2.2415031e+00   2.2415031e+00   6.9431655e-06   6.9431655e-06   9.8788391e-03   1.2965487e-04
   4.0852858e-04   6.6258754e+02   6.6258754e+02   3.7503845e+03   2.3111227e+00   2.3111227e+00   7.1901451e-06   7.1901451e-06   1.0184282e-02   1.4224788e-04
   4.1806372e-04   6.6251598e+02   6.6251598e+02   3.7502420e+03   2.3823557e+00   2.3823557e+00   7.4433680e-06   7.4433680e-06   1.0496718e-02   1.5573838e-04
   4.2782142e-04   6.6244276e+02   6.6244276e+02   3.7500963e+03   2.4552393e+00   2.4552393e+00   7.7030026e-06   7.7030026e-06   1.0816302e-02   1.7017582e-04
   4.3780686e-04   6.6236784e+02   6.6236784e+02   3.7499471e+03   2.5298115e+00   2.5298115e+00   7.9692223e-06   7.9692223e-06   1.1143196e-02   1.8561215e-04
   4.4802537e-04   6.6229119e+02   6.6229119e+02   3.7497944e+03   2.6061110e+00   2.6061110e+00   8.2422053e-06   8.2422053e-06   1.1477562e-02   2.0210194e-04
   4.5848238e-04   6.6221277e+02   6.6221277e+02   3.7496383e+03   2.6841775e+00   2.6841775e+00   8.5221358e-06   8.5221358e-06   1.1819567e-02   2.1970252e-04
   4.6918345e-04   6.6213252e+02   6.6213252e+02   3.7494785e+03   2.7640601e+00   2.7640601e+00   8.8071879e-06   8.8071879e-06   1.2169366e-02   2.2938862e-04
   4.8013429e-04   6.6205042e+02   6.6205042e+02   3.7493150e+03   2.8458005e+00   2.8458005e+00   9.0966973e-06   9.0966973e-06   1.2527132e-02   2.3080187e-04
   4.9134073e-04   6.6196642e+02   6.6196642e+02   3.7491477e+03   2.9294318e+00   2.9294318e+00   9.3928574e-06   9.3928574e-06   1.2893064e-02   2.3450746e-04
   5.0280873e-04   6.6188048e+02   6.6188048e+02   3.7489766e+03   3.0149970e+00   3.0149970e+00   9.6958185e-06   9.6958185e-06   1.3267343e-02   2.4066558e-04
   5.1454439e-04   6.6179254e+02   6.6179254e+02   3.7488015e+03   3.1025407e+00   3.1025407e+00   1.0005734e-05   1.0005734e-05   1.3650155e-02   2.4944522e-04
   5.2655396e-04   6.6170257e+02   6.6170257e+02   3.7486223e+03   3.1921079e+00   3.1921079e+00   1.0322761e-05   1.0322761e-05   1.4041690e-02   2.6102457e-04
   5.3884384e-04   6.6161052e+02   6.6161052e+02   3.7484390e+03   3.2837452e+00   3.2837452e+00   1.0647059e-05   1.0647059e-05   1.4442141e-02   2.7559153e-04
   5.5142057e-04   6.6151633e+02   6.6151633e+02   3.7482515e+03   3.3774997e+00   3.3774997e+00   1.0978793e-05   1.0978793e-05   1.4851706e-02   2.9334414e-04
   5.6429085e-04   6.6141997e+02   6.6141997e+02   3.7480596e+03   3.4734199e+00   3.4734199e+00   1.1318129e-05   1.1318129e-05   1.5270586e-02   3.1449116e-04
   5.7746152e-04   6.6132138e+02   6.6132138e+02   3.7478633e+03   3.5715553e+00   3.5715553e+00   1.1665238e-05   1.1665238e-05   1.5698987e-02   3.3925254e-04
   5.9093959e-04   6.6122051e+02   6.6122051e+02   3.7476624e+03   3.6719564e+00   3.6719564e+00   1.2020295e-05   1.2020295e-05   1.6137120e-02   3.6786001e-04
   6.0473224e-04   6.6111731e+02   6.6111731e+02   3.7474569e+03   3.7746751e+00   3.7746751e+00   1.2383478e-05   1.2383478e-05   1.6585199e-02   4.0055769e-04
   6.1884682e-04   6.6101173e+02   6.6101173e+02   3.7472467e+03   3.8797640e+00   3.8797640e+00   1.2754968e-05   1.2754968e-05   1.7043443e-02   4.3760268e-04
   6.3329084e-04   6.6090370e+02   6.6090370e+02   3.7470315e+03   3.9872774e+00   3.9872774e+00   1.3134953e-05   1.3134953e-05   1.7512076e-02   4.7926569e-04
   6.4807198e-04   6.6079319e+02   6.6079319e+02   3.7468115e+03   4.0972704e+00   4.0972704e+00   1.3523621e-05   1.3523621e-05   1.7991324e-02   5.2583178e-04
   6.6319812e-04   6.6068011e+02   6.6068011e+02   3.7465863e+03   4.2097995e+00   4.2097995e+00   1.3921168e-05   1.3921168e-05   1.8481422e-02   5.7760100e-04
   6.7867731e-04   6.6056443e+02   6.6056443e+02   3.7463559e+03   4.3249224e+00   4.3249224e+00   1.4327790e-05   1.4327790e-05   1.8982606e-02   6.3488920e-04
   6.9451778e-04   6.6044608e+02   6.6044608e+02   3.7461203e+03   4.4426982e+00   4.4426982e+00   1.4743690e-05   1.4743690e-05   1.9495118e-02   6.9802874e-04
   7.1072797e-04   6.6032500e+02   6.6032500e+02   3.7458791e+03   4.5631871e+00   4.5631871e+00   1.5169074e-05   1.5169074e-05   2.0019205e-02   7.6736941e-04
   7.2731651e-04   6.6020112e+02   6.6020112e+02   3.7456325e+03   4.6864507e+00   4.6864507e+00   1.5604154e-05   1.5604154e-05   2.0555120e-02   8.4327917e-04
   7.4429223e-04   6.6007439e+02   6.6007439e+02   3.7453801e+03   4.8125521e+00   4.8125521e+00   1.6049145e-05   1.6049145e-05   2.1103119e-02   9.2614515e-04
   7.6166417e-04   6.5994473e+02   6.5994473e+02   3.7451219e+03   4.9415556e+00   4.9415556e+00   1.6504266e-05   1.6504266e-05   2.1663464e-02   1.0163746e-03
   7.7944158e-04   6.5981209e+02   6.5981209e+02   3.7448578e+03   5.0735271e+00   5.0735271e+00   1.6969742e-05   1.6969742e-05   2.2236422e-02   1.1143957e-03
   7.9763391e-04   6.5967639e+02   6.5967639e+02   3.7445875e+03   5.2085337e+00   5.2085337e+00   1.7445801e-05   1.7445801e-05   2.2822266e-02   1.2206588e-03
   8.1625085e-04   6.5953756e+02   6.5953756e+02   3.7443111e+03   5.3466442e+00   5.3466442e+00   1.7932679e-05   1.7932679e-05   2.3421273e-02   1.3356376e-03
   8.3530232e-04   6.5939554e+02   6.5939554e+02   3.7440283e+03   5.4879289e+00   5.4879289e+00   1.8430613e-05   1.8430613e-05   2.4033727e-02   1.4598298e-03
   8.5479845e-04   6.5925025e+02   6.5925025e+02   3.7437389e+03   5.6324593e+00   5.6324593e+00   1.8939846e-05   1.8939846e-05   2.4659916e-02   1.5937590e-03
   8.7474963e-04   6.5910161e+02   6.5910161e+02   3.7434430e+03   5.7803090e+00   5.7803090e+00   1.9460628e-05   1.9460628e-05   2.5300135e-02   1.7379753e-03
   8.9516647e-04   6.5894956e+02   6.5894956e+02   3.7431402e+03   5.9315527e+00   5.9315527e+00   1.9993212e-05   1.9993212e-05   2.5954683e-02   1.8930570e-03
   9.1605985e-04   6.5879401e+02   6.5879401e+02   3.7428304e+03   6.0862670e+00   6.0862670e+00   2.0537857e-05   2.0537857e-05   2.6623865e-02   2.0596119e-03
   9.3744088e-04   6.5863488e+02   6.5863488e+02   3.7425135e+03   6.2445302e+00   6.2445302e+00   2.1094826e-05   2.1094826e-05   2.7307993e-02   2.2382787e-03
   9.5932095e-04   6.5847210e+02   6.5847210e+02   3.7421893e+03   6.4064220e+00   6.4064220e+00   2.1664390e-05   2.1664390e-05   2.8007385e-02   2.4297284e-03
   9.8171170e-04   6.5830557e+02   6.5830557e+02   3.7418577e+03   6.5720242e+00   6.5720242e+00   2.2246822e-05   2.2246822e-05   2.8722362e-02   2.6346661e-03
   1.0046251e-03   6.5813523e+02   6.5813523e+02   3.7415185e+03   6.7414201e+00   6.7414201e+00   2.2842404e-05   2.2842404e-05   2.9453253e-02   2.8538327e-03
   1.0280732e-03   6.5796097e+02   6.5796097e+02   3.7411715e+03   6.9146948e+00   6.9146948e+00   2.3451421e-05   2.3451421e-05   3.0200395e-02   3.0880062e-03
   1.0520687e-03   6.5778271e+02   6.5778271e+02   3.7408165e+03   7.0919354e+00   7.0919354e+00   2.4074165e-05   2.4074165e-05   3.0964127e-02   3.3380041e-03
   1.0766242e-03   6.5760037e+02   6.5760037e+02   3.7404534e+03   7.2732307e+00   7.2732307e+00   2.4710932e-05   2.4710932e-05   3.1744797e-02   3.6046849e-03
   1.1017528e-03   6.5741385e+02   6.5741385e+02   3.7400819e+03   7.4586715e+00   7.4586715e+00   2.5362027e-05   2.5362027e-05   3.2542759e-02   3.8889503e-03
   1.1274680e-03   6.5722305e+02   6.5722305e+02   3.7397020e+03   7.6483505e+00   7.6483505e+00   2.6027759e-05   2.6027759e-05   3.3358372e-02   4.1917472e-03
   1.1537833e-03   6.5702788e+02   6.5702788e+02   3.7393133e+03   7.8423623e+00   7.8423623e+00   2.6708441e-05   2.6708441e-05   3.4192001e-02   4.5140699e-03
   1.1807128e-03   6.5682824e+02   6.5682824e+02   3.7389157e+03   8.0408036e+00   8.0408036e+00   2.7404397e-05   2.7404397e-05   3.5044021e-02   4.8569626e-03
   1.2082709e-03   6.5662404e+02   6.5662404e+02   3.7385090e+03   8.2437856e+00   8.2437856e+00   2.8116951e-05   2.8116951e-05   3.5914773e-02   5.2075544e-03
   1.2364722e-03   6.5641516e+02   6.5641516e+02   3.7380931e+03   8.4514023e+00   8.4514023e+00   2.8847081e-05   2.8847081e-05   3.6804667e-02   5.5748762e-03
   1.2653318e-03   6.5620151e+02   6.5620151e+02   3.7376676e+03   8.6637409e+00   8.6637409e+00   2.9594376e-05   2.9594376e-05   3.7714142e-02   5.9776723e-03
   1.2948649e-03   6.5598297e+02   6.5598297e+02   3.7372324e+03   8.8809060e+00   8.8809060e+00   3.0359240e-05   3.0359240e-05   3.8643597e-02   6.4180412e-03
   1.3250873e-03   6.5575944e+02   6.5575944e+02   3.7367872e+03   9.1030040e+00   9.1030040e+00   3.1142091e-05   3.1142091e-05   3.9593442e-02   6.8981901e-03
   1.3560151e-03   6.5553081e+02   6.5553081e+02   3.7363319e+03   9.3301436e+00   9.3301436e+00   3.1943355e-05   3.1943355e-05   4.0564089e-02   7.4204409e-03
   1.3876648e-03   6.5529696e+02   6.5529696e+02   3.7358662e+03   9.5624358e+00   9.5624358e+00   3.2763468e-05   3.2763468e-05   4.1555961e-02   7.9872351e-03
   1.4200532e-03   6.5505777e+02   6.5505777e+02   3.7353898e+03   9.7999939e+00   9.7999939e+00   3.3602877e-05   3.3602877e-05   4.2569484e-02   8.6011404e-03
   1.4531975e-03   6.5481313e+02   6.5481313e+02   3.7349026e+03   1.0042933e+01   1.0042933e+01   3.4462039e-05   3.4462039e-05   4.3605094e-02   9.2648564e-03
   1.4871155e-03   6.5456291e+02   6.5456291e+02   3.7344043e+03   1.0291372e+01   1.0291372e+01   3.5341424e-05   3.5341424e-05   4.4663231e-02   9.9812213e-03
   1.5218251e-03   6.5430700e+02   6.5430700e+02   3.7338946e+03   1.0545430e+01   1.0545430e+01   3.6241512e-05   3.6241512e-05   4.5744344e-02   1.0753219e-02
   1.5573448e-03   6.5404526e+02   6.5404526e+02   3.7333734e+03   1.0805231e+01   1.0805231e+01   3.7162793e-05   3.7162793e-05   4.6848888e-02   1.1583985e-02
   1.5936935e-03   6.5377757e+02   6.5377757e+02   3.7328403e+03   1.1070899e+01   1.1070899e+01   3.8105771e-05   3.8105771e-05   4.7977325e-02   1.2476816e-02
   1.6308907e-03   6.5350379e+02   6.5350379e+02   3.7322950e+03   1.1342562e+01   1.1342562e+01   3.9070963e-05   3.9070963e-05   4.9130122e-02   1.3435176e-02
   1.6689560e-03   6.5322380e+02   6.5322380e+02   3.7317374e+03   1.1620350e+01   1.1620350e+01   4.0058895e-05   4.0058895e-05   5.0307757e-02   1.4462704e-02
   1.7079098e-03   6.5293745e+02   6.5293745e+02   3.7311671e+03   1.1904397e+01   1.1904397e+01   4.1070109e-05   4.1070109e-05   5.1510709e-02   1.5563226e-02
   1.7477728e-03   6.5264460e+02   6.5264460e+02   3.7305838e+03   1.2194836e+01   1.2194836e+01   4.2105160e-05   4.2105160e-05   5.2739468e-02   1.6740759e-02
   1.7885662e-03   6.5234511e+02   6.5234511e+02   3.7299874e+03   1.2491808e+01   1.2491808e+01   4.3164613e-05   4.3164613e-05   5.3994529e-02   1.7999525e-02
   1.8303117e-03   6.5203884e+02   6.5203884e+02   3.7293774e+03   1.2795452e+01   1.2795452e+01   4.4249051e-05   4.4249051e-05   5.5276394e-02   1.9343958e-02
   1.8730315e-03   6.5172563e+02   6.5172563e+02   3.7287536e+03   1.3105912e+01   1.3105912e+01   4.5359068e-05   4.5359068e-05   5.6585571e-02   2.0778716e-02
   1.9167485e-03   6.5140534e+02   6.5140534e+02   3.7281157e+03   1.3423334e+01   1.3423334e+01   4.6495275e-05   4.6495275e-05   5.7922573e-02   2.2308690e-02
   1.9614858e-03   6.5107781e+02   6.5107781e+02   3.7274634e+03   1.3747892e+01   1.3747892e+01   4.7657641e-05   4.7657641e-05   5.9287851e-02   2.3910596e-02
   2.0072673e-03   6.5074289e+02   6.5074289e+02   3.7267963e+03   1.4079701e+01   1.4079701e+01   4.8848020e-05   4.8848020e-05   6.0682055e-02   2.5633393e-02
   2.0541173e-03   6.5040039e+02   6.5040039e+02   3.7261142e+03   1.4418902e+01   1.4418902e+01   5.0067446e-05   5.0067446e-05   6.2105756e-02   2.7497283e-02
   2.1020609e-03   6.5005018e+02   6.5005018e+02   3.7254167e+03   1.4765651e+01   1.4765651e+01   5.1316656e-05   5.1316655e-05   6.3559501e-02   2.9510324e-02
   2.1511234e-03   6.4969206e+02   6.4969206e+02   3.7247034e+03   1.5120107e+01   1.5120107e+01   5.2596407e-05   5.2596407e-05   6.5043839e-02   3.1680987e-02
   2.2013311e-03   6.4932588e+02   6.4932588e+02   3.7239741e+03   1.5482432e+01   1.5482432e+01   5.3907479e-05   5.3907479e-05   6.6559326e-02   3.4018175e-02
   2.2527106e-03   6.4895146e+02   6.4895146e+02   3.7232283e+03   1.5852790e+01   1.5852790e+01   5.5250671e-05   5.5250671e-05   6.8106526e-02   3.6531246e-02
   2.3052894e-03   6.4856862e+02   6.4856862e+02   3.7224658e+03   1.6231348e+01   1.6231348e+01   5.6626803e-05   5.6626803e-05   6.9686005e-02   3.9230037e-02
   2.3590953e-03   6.4817718e+02   6.4817718e+02   3.7216862e+03   1.6618278e+01   1.6618278e+01   5.8036721e-05   5.8036721e-05   7.1298335e-02   4.2124881e-02
   2.4141571e-03   6.4777696e+02   6.4777696e+02   3.7208890e+03   1.7013752e+01   1.7013752e+01   5.9481291e-05   5.9481291e-05   7.2944094e-02   4.5226640e-02
   2.4705041e-03   6.4736776e+02   6.4736776e+02   3.7200740e+03   1.7417947e+01   1.7417947e+01   6.0961405e-05   6.0961405e-05   7.4623864e-02   4.8546723e-02
   2.5281661e-03   6.4694940e+02   6.4694940e+02   3.7192407e+03   1.7831043e+01   1.7831043e+01   6.2477978e-05   6.2477978e-05   7.6338230e-02   5.2097117e-02
   2.5871741e-03   6.4652167e+02   6.4652167e+02   3.7183887e+03   1.8253222e+01   1.8253222e+01   6.4031952e-05   6.4031952e-05   7.8087782e-02   5.5890414e-02
   2.6475593e-03   6.4608439e+02   6.4608439e+02   3.7175177e+03   1.8684669e+01   1.8684669e+01   6.5624294e-05   6.5624294e-05   7.9873114e-02   5.9939843e-02
   2.7093539e-03   6.4563734e+02   6.4563734e+02   3.7166273e+03   1.9125603e+01   1.9125603e+01   6.7256028e-05   6.7256028e-05   8.1694740e-02   6.4226211e-02
   2.7725908e-03   6.4518032e+02   6.4518032e+02   3.7157170e+03   1.9576159e+01   1.9576159e+01   6.8929877e-05   6.8929877e-05   8.3553451e-02   6.8829001e-02
   2.8373036e-03   6.4471311e+02   6.4471311e+02   3.7147863e+03   2.0036513e+01   2.0036513e+01   7.0647279e-05   7.0647279e-05   8.5449911e-02   7.3785952e-02
   2.9035269e-03   6.4423549e+02   6.4423549e+02   3.7138350e+03   2.0506859e+01   2.0506859e+01   7.2409461e-05   7.2409461e-05   8.7384735e-02   7.9116982e-02
   2.9712958e-03   6.4374726e+02   6.4374726e+02   3.7128625e+03   2.0987395e+01   2.0987395e+01   7.4217691e-05   7.4217691e-05   8.9358540e-02   8.4843024e-02
   3.0406465e-03   6.4324817e+02   6.4324817e+02   3.7118683e+03   2.1478321e+01   2.1478321e+01   7.6073275e-05   7.6073275e-05   9.1371944e-02   9.0986077e-02
   3.1116158e-03   6.4273801e+02   6.4273801e+02   3.7108521e+03   2.1979842e+01   2.1979842e+01   7.7977562e-05   7.7977562e-05   9.3425566e-02   9.7569256e-02
   3.1842416e-03   6.4221654e+02   6.4221654e+02   3.7098134e+03   2.2492162e+01   2.2492162e+01   7.9931943e-05   7.9931943e-05   9.5520024e-02   1.0461685e-01
   3.2585625e-03   6.4168353e+02   6.4168353e+02   3.7087516e+03   2.3015493e+01   2.3015493e+01   8.1937854e-05   8.1937854e-05   9.7655937e-02   1.1215436e-01
   3.3346180e-03   6.4113874e+02   6.4113874e+02   3.7076664e+03   2.3550046e+01   2.3550046e+01   8.3996778e-05   8.3996778e-05   9.9833921e-02   1.2020861e-01
   3.4124487e-03   6.4058193e+02   6.4058193e+02   3.7065572e+03   2.4096043e+01   2.4096043e+01   8.6110160e-05   8.6110160e-05   1.0205457e-01   1.2879978e-01
   3.4920960e-03   6.4001285e+02   6.4001285e+02   3.7054236e+03   2.4653715e+01   2.4653715e+01   8.8280607e-05   8.8280608e-05   1.0431848e-01   1.3794314e-01
   3.5736022e-03   6.3943123e+02   6.3943123e+02   3.7042650e+03   2.5223194e+01   2.5223194e+01   9.0511894e-05   9.0511894e-05   1.0662655e-01   1.4777230e-01
   3.6570109e-03   6.3883681e+02   6.3883681e+02   3.7030809e+03   2.5804699e+01   2.5804699e+01   9.2805921e-05   9.2805921e-05   1.0897942e-01   1.5832556e-01
   3.7423663e-03   6.3822934e+02   6.3822934e+02   3.7018707e+03   2.6398451e+01   2.6398451e+01   9.5164654e-05   9.5164654e-05   1.1137770e-01   1.6964319e-01
   3.8297139e-03   6.3760854e+02   6.3760854e+02   3.7006340e+03   2.7004672e+01   2.7004672e+01   9.7590133e-05   9.7590133e-05   1.1382199e-01   1.8176750e-01
   3.9191002e-03   6.3697416e+02   6.3697416e+02   3.6993702e+03   2.7623589e+01   2.7623589e+01   1.0008447e-04   1.0008447e-04   1.1631291e-01   1.9474293e-01
   4.0105729e-03   6.3632590e+02   6.3632590e+02   3.6980788e+03   2.8255428e+01   2.8255428e+01   1.0264984e-04   1.0264984e-04   1.1885104e-01   2.0861618e-01
   4.1041805e-03   6.3566350e+02   6.3566350e+02   3.6967592e+03   2.8900420e+01   2.8900420e+01   1.0528852e-04   1.0528852e-04   1.2143698e-01   2.2343631e-01
   4.1999729e-03   6.3498667e+02   6.3498667e+02   3.6954108e+03   2.9558825e+01   2.9558825e+01   1.0800291e-04   1.0800291e-04   1.2407121e-01   2.3922210e-01
   4.2980012e-03   6.3429511e+02   6.3429511e+02   3.6940330e+03   3.0230801e+01   3.0230801e+01   1.1079875e-04   1.1079875e-04   1.2675461e-01   2.5611786e-01
   4.3983175e-03   6.3358851e+02   6.3358851e+02   3.6926253e+03   3.0916532e+01   3.0916532e+01   1.1367970e-04   1.1367970e-04   1.2948790e-01   2.7423803e-01
   4.5009751e-03   6.3286660e+02   6.3286660e+02   3.6911871e+03   3.1616250e+01   3.1616250e+01   1.1664868e-04   1.1664868e-04   1.3227164e-01   2.9365037e-01
   4.6060288e-03   6.3212904e+02   6.3212904e+02   3.6897176e+03   3.2330184e+01   3.2330184e+01   1.1970874e-04   1.1970874e-04   1.3510637e-01   3.1442609e-01
   4.7135345e-03   6.3137555e+02   6.3137555e+02   3.6882164e+03   3.3058568e+01   3.3058568e+01   1.2286303e-04   1.2286303e-04   1.3799264e-01   3.3664002e-01
   4.8235494e-03   6.3060581e+02   6.3060581e+02   3.6866828e+03   3.3801633e+01   3.3801633e+01   1.2611483e-04   1.2611483e-04   1.4093094e-01   3.6037074e-01
   4.9361321e-03   6.2981951e+02   6.2981951e+02   3.6851162e+03   3.4559637e+01   3.4559637e+01   1.2946749e-04   1.2946749e-04   1.4392171e-01   3.8567358e-01
   5.0513425e-03   6.2901631e+02   6.2901631e+02   3.6835159e+03   3.5332748e+01   3.5332748e+01   1.3292836e-04   1.3292836e-04   1.4696569e-01   4.1271303e-01
   5.1692419e-03   6.2819587e+02   6.2819587e+02   3.6818812e+03   3.6121120e+01   3.6121120e+01   1.3650322e-04   1.3650322e-04   1.5006365e-01   4.4167633e-01
   5.2898931e-03   6.2735786e+02   6.2735786e+02   3.6802115e+03   3.6924975e+01   3.6924975e+01   1.4019630e-04   1.4019630e-04   1.5321604e-01   4.7266942e-01
   5.4133603e-03   6.2650195e+02   6.2650195e+02   3.6785061e+03   3.7744539e+01   3.7744539e+01   1.4401199e-04   1.4401199e-04   1.5642328e-01   5.0580363e-01
   5.5397093e-03   6.2562779e+02   6.2562779e+02   3.6767643e+03   3.8580033e+01   3.8580033e+01   1.4795488e-04   1.4795488e-04   1.5968577e-01   5.4119587e-01
   5.6690073e-03   6.2473505e+02   6.2473505e+02   3.6749855e+03   3.9431692e+01   3.9431692e+01   1.5202963e-04   1.5202963e-04   1.6300382e-01   5.7895163e-01
   5.8013231e-03   6.2382336e+02   6.2382336e+02   3.6731689e+03   4.0299701e+01   4.0299701e+01   1.5624497e-04   1.5624497e-04   1.6637799e-01   6.1924641e-01
   5.9367272e-03   6.2289236e+02   6.2289236e+02   3.6713137e+03   4.1184151e+01   4.1184151e+01   1.6060963e-04   1.6060963e-04   1.6980906e-01   6.6236331e-01
   6.0752917e-03   6.2194167e+02   6.2194167e+02   3.6694194e+03   4.2085246e+01   4.2085246e+01   1.6512952e-04   1.6512952e-04   1.7329735e-01   7.0845708e-01
   6.2170903e-03   6.2097094e+02   6.2097094e+02   3.6674850e+03   4.3003185e+01   4.3003185e+01   1.6981078e-04   1.6981078e-04   1.7684309e-01   7.5769025e-01
   6.3621985e-03   6.1997981e+02   6.1997981e+02   3.6655099e+03   4.3938165e+01   4.3938165e+01   1.7465980e-04   1.7465980e-04   1.8044652e-01   8.1023355e-01
   6.5106936e-03   6.1896790e+02   6.1896790e+02   3.6634935e+03   4.4890418e+01   4.4890418e+01   1.7968420e-04   1.7968420e-04   1.8410769e-01   8.6621811e-01
   6.6626545e-03   6.1793480e+02   6.1793480e+02   3.6614347e+03   4.5859954e+01   4.5859954e+01   1.8489789e-04   1.8489789e-04   1.8782754e-01   9.2604965e-01
   6.8181623e-03   6.1688013e+02   6.1688013e+02   3.6593329e+03   4.6846907e+01   4.6846907e+01   1.9030940e-04   1.9030940e-04   1.9160631e-01   9.8997943e-01
   6.9772996e-03   6.1580350e+02   6.1580350e+02   3.6571874e+03   4.7851436e+01   4.7851436e+01   1.9592696e-04   1.9592696e-04   1.9544405e-01   1.0582307e+00
   7.1401513e-03   6.1470452e+02   6.1470452e+02   3.6549972e+03   4.8873695e+01   4.8873695e+01   2.0175915e-04   2.0175914e-04   1.9934077e-01   1.1310379e+00
   7.3068040e-03   6.1358282e+02   6.1358282e+02   3.6527617e+03   4.9913888e+01   4.9913888e+01   2.0781483e-04   2.0781483e-04   2.0329624e-01   1.2085785e+00
   7.4773463e-03   6.1243795e+02   6.1243795e+02   3.6504800e+03   5.0971977e+01   5.0971977e+01   2.1411209e-04   2.1411210e-04   2.0731126e-01   1.2913310e+00
   7.6518692e-03   6.1126950e+02   6.1126950e+02   3.6481513e+03   5.2047986e+01   5.2047986e+01   2.2066378e-04   2.2066378e-04   2.1138608e-01   1.3796880e+00
   7.8304654e-03   6.1007706e+02   6.1007706e+02   3.6457747e+03   5.3142013e+01   5.3142013e+01   2.2748090e-04   2.2748090e-04   2.1552049e-01   1.4739537e+00
   8.0132301e-03   6.0886022e+02   6.0886022e+02   3.6433494e+03   5.4254145e+01   5.4254145e+01   2.3457496e-04   2.3457496e-04   2.1971419e-01   1.5744477e+00
   8.2002606e-03   6.0761860e+02   6.0761860e+02   3.6408747e+03   5.5384511e+01   5.5384511e+01   2.4195703e-04   2.4195703e-04   2.2396661e-01   1.6814357e+00
   8.3916564e-03   6.0635174e+02   6.0635174e+02   3.6383496e+03   5.6533049e+01   5.6533049e+01   2.4964875e-04   2.4964875e-04   2.2827825e-01   1.7954387e+00
   8.5875195e-03   6.0505916e+02   6.0505916e+02   3.6357732e+03   5.7699617e+01   5.7699617e+01   2.5766992e-04   2.5766992e-04   2.3264948e-01   1.9170535e+00
   8.7879540e-03   6.0374047e+02   6.0374047e+02   3.6331447e+03   5.8884223e+01   5.8884223e+01   2.6603531e-04   2.6603531e-04   2.3707974e-01   2.0466916e+00
   8.9930667e-03   6.0239524e+02   6.0239524e+02   3.6304633e+03   6.0086853e+01   6.0086853e+01   2.7476038e-04   2.7476038e-04   2.4156839e-01   2.1847852e+00
   9.2029668e-03   6.0102306e+02   6.0102306e+02   3.6277280e+03   6.1307512e+01   6.1307512e+01   2.8386013e-04   2.8386013e-04   2.4611448e-01   2.3317416e+00
   9.4177660e-03   5.9962348e+02   5.9962348e+02   3.6249381e+03   6.2546140e+01   6.2546140e+01   2.9335718e-04   2.9335718e-04   2.5071781e-01   2.4880730e+00
   9.6375787e-03   5.9819599e+02   5.9819599e+02   3.6220924e+03   6.3802370e+01   6.3802370e+01   3.0328244e-04   3.0328244e-04   2.5537914e-01   2.6546579e+00
   9.8625218e-03   5.9674015e+02   5.9674015e+02   3.6191902e+03   6.5076079e+01   6.5076079e+01   3.1365568e-04   3.1365568e-04   2.6009751e-01   2.8320475e+00
   1.0092715e-02   5.9525554e+02   5.9525554e+02   3.6162306e+03   6.6367116e+01   6.6367116e+01   3.2449756e-04   3.2449756e-04   2.6487179e-01   3.0208206e+00
   1.0328281e-02   5.9374174e+02   5.9374174e+02   3.6132126e+03   6.7675301e+01   6.7675301e+01   3.3582971e-04   3.3582971e-04   2.6970074e-01   3.2215851e+00
   1.0569346e-02   5.9219833e+02   5.9219833e+02   3.6101356e+03   6.9000569e+01   6.9000569e+01   3.4767201e-04   3.4767201e-04   2.7458281e-01   3.4348204e+00
   1.0816036e-02   5.9062473e+02   5.9062473e+02   3.6069983e+03   7.0342316e+01   7.0342316e+01   3.6007080e-04   3.6007080e-04   2.7951959e-01   3.6617196e+00
   1.1068485e-02   5.8902049e+02   5.8902049e+02   3.6037998e+03   7.1700232e+01   7.1700232e+01   3.7305277e-04   3.7305277e-04   2.8450963e-01   3.9030252e+00
   1.1326826e-02   5.8738519e+02   5.8738519e+02   3.6005393e+03   7.3073981e+01   7.3073981e+01   3.8664543e-04   3.8664543e-04   2.8955124e-01   4.1595038e+00
   1.1591196e-02   5.8571841e+02   5.8571841e+02   3.5972160e+03   7.4463183e+01   7.4463183e+01   4.0087754e-04   4.0087754e-04   2.9464256e-01   4.4319600e+00
   1.1861737e-02   5.8401976e+02   5.8401976e+02   3.5938290e+03   7.5867570e+01   7.5867570e+01   4.1577133e-04   4.1577133e-04   2.9978106e-01   4.7210561e+00
   1.2138593e-02   5.8228861e+02   5.8228861e+02   3.5903771e+03   7.7286481e+01   7.7286481e+01   4.3138210e-04   4.3138210e-04   3.0496842e-01   5.0280767e+00
   1.2421910e-02   5.8052450e+02   5.8052450e+02   3.5868594e+03   7.8719322e+01   7.8719322e+01   4.4774984e-04   4.4774985e-04   3.1020314e-01   5.3540793e+00
   1.2711840e-02   5.7872701e+02   5.7872701e+02   3.5832750e+03   8.0165512e+01   8.0165512e+01   4.6491079e-04   4.6491079e-04   3.1548286e-01   5.7000651e+00
   1.3008537e-02   5.7689573e+02   5.7689573e+02   3.5796231e+03   8.1624412e+01   8.1624412e+01   4.8290285e-04   4.8290285e-04   3.2080498e-01   6.0670848e+00
   1.3312159e-02   5.7503031e+02   5.7503031e+02   3.5759030e+03   8.3095434e+01   8.3095434e+01   5.0175452e-04   5.0175452e-04   3.2616590e-01   6.4560911e+00
   1.3622868e-02   5.7313010e+02   5.7313010e+02   3.5721135e+03   8.4577936e+01   8.4577936e+01   5.2152191e-04   5.2152191e-04   3.3156673e-01   6.8683501e+00
   1.3940828e-02   5.7119461e+02   5.7119461e+02   3.5682534e+03   8.6071034e+01   8.6071034e+01   5.4226558e-04   5.4226559e-04   3.3700661e-01   7.3052689e+00
   1.4266210e-02   5.6922341e+02   5.6922341e+02   3.5643220e+03   8.7573842e+01   8.7573842e+01   5.6403265e-04   5.6403266e-04   3.4248234e-01   7.7681334e+00
   1.4599187e-02   5.6721615e+02   5.6721615e+02   3.5603185e+03   8.9085397e+01   8.9085397e+01   5.8687247e-04   5.8687247e-04   3.4799045e-01   8.2582928e+00
   1.4939935e-02   5.6517247e+02   5.6517247e+02   3.5562423e+03   9.0604681e+01   9.0604681e+01   6.1082722e-04   6.1082722e-04   3.5352644e-01   8.7771023e+00
   1.5288636e-02   5.6309185e+02   5.6309185e+02   3.5520922e+03   9.2131015e+01   9.2131015e+01   6.3593861e-04   6.3593861e-04   3.5908938e-01   9.3257763e+00
   1.5645476e-02   5.6097363e+02   5.6097363e+02   3.5478670e+03   9.3663413e+01   9.3663413e+01   6.6229667e-04   6.6229668e-04   3.6468031e-01   9.9059541e+00
   1.6010645e-02   5.5881745e+02   5.5881745e+02   3.5435660e+03   9.5200621e+01   9.5200621e+01   6.8996172e-04   6.8996173e-04   3.7029508e-01   1.0519254e+01
   1.6384336e-02   5.5662297e+02   5.5662297e+02   3.5391883e+03   9.6741289e+01   9.6741289e+01   7.1899691e-04   7.1899692e-04   3.7592920e-01   1.1167374e+01
   1.6766750e-02   5.5438986e+02   5.5438986e+02   3.5347335e+03   9.8283967e+01   9.8283967e+01   7.4946845e-04   7.4946844e-04   3.8157786e-01   1.1852095e+01
   1.7158090e-02   5.5211785e+02   5.5211785e+02   3.5302008e+03   9.9827456e+01   9.9827456e+01   7.8138574e-04   7.8138574e-04   3.8723538e-01   1.2574898e+01
   1.7558563e-02   5.4980602e+02   5.4980602e+02   3.5255886e+03   1.0137128e+02   1.0137128e+02   8.1487199e-04   8.1487199e-04   3.9290675e-01   1.3337164e+01
   1.7968384e-02   5.4745407e+02   5.4745407e+02   3.5208961e+03   1.0291376e+02   1.0291376e+02   8.5000443e-04   8.5000443e-04   3.9858687e-01   1.4140879e+01
   1.8387770e-02   5.4506172e+02   5.4506172e+02   3.5161228e+03   1.0445311e+02   1.0445311e+02   8.8686230e-04   8.8686230e-04   4.0427009e-01   1.4988127e+01
   1.8816944e-02   5.4262869e+02   5.4262869e+02   3.5112682e+03   1.0598741e+02   1.0598741e+02   9.2552864e-04   9.2552864e-04   4.0995038e-01   1.5881095e+01
   1.9256136e-02   5.4015487e+02   5.4015487e+02   3.5063320e+03   1.0751459e+02   1.0751459e+02   9.6602406e-04   9.6602405e-04   4.1561945e-01   1.6821979e+01
   1.9705578e-02   5.3763934e+02   5.3763934e+02   3.5013123e+03   1.0903491e+02   1.0903491e+02   1.0084377e-03   1.0084376e-03   4.2128242e-01   1.7811455e+01
   2.0165510e-02   5.3508166e+02   5.3508166e+02   3.4962084e+03   1.1054669e+02   1.1054669e+02   1.0528887e-03   1.0528887e-03   4.2693590e-01   1.8851603e+01
   2.0636178e-02   5.3248165e+02   5.3248165e+02   3.4910197e+03   1.1204767e+02   1.1204767e+02   1.0994742e-03   1.0994742e-03   4.3257295e-01   1.9944908e+01
   2.1117830e-02   5.2983912e+02   5.2983912e+02   3.4857460e+03   1.1353542e+02   1.1353542e+02   1.1482957e-03   1.1482957e-03   4.3818621e-01   2.1093974e+01
   2.1610725e-02   5.2715409e+02   5.2715409e+02   3.4803872e+03   1.1500698e+02   1.1500698e+02   1.1994137e-03   1.1994137e-03   4.4376564e-01   2.2301761e+01
   2.2115124e-02   5.2442590e+02   5.2442590e+02   3.4749420e+03   1.1646242e+02   1.1646242e+02   1.2528219e-03   1.2528219e-03   4.4931181e-01   2.3568867e+01
   2.2631296e-02   5.2165376e+02   5.2165376e+02   3.4694089e+03   1.1790153e+02   1.1790153e+02   1.3086990e-03   1.3086989e-03   4.5482723e-01   2.4896261e+01
   2.3159515e-02   5.1883759e+02   5.1883759e+02   3.4637876e+03   1.1932157e+02   1.1932157e+02   1.3671602e-03   1.3671601e-03   4.6030363e-01   2.6286802e+01
   2.3700063e-02   5.1597733e+02   5.1597733e+02   3.4580781e+03   1.2071960e+02   1.2071960e+02   1.4283263e-03   1.4283263e-03   4.6573216e-01   2.7743483e+01
   2.4253227e-02   5.1307298e+02   5.1307298e+02   3.4522802e+03   1.2209250e+02   1.2209250e+02   1.4923238e-03   1.4923238e-03   4.7110342e-01   2.9269437e+01
   2.4819303e-02   5.1012471e+02   5.1012471e+02   3.4463944e+03   1.2343713e+02   1.2343713e+02   1.5590263e-03   1.5590263e-03   4.7640524e-01   3.0867637e+01
   2.5398591e-02   5.0713106e+02   5.0713106e+02   3.4404178e+03   1.2475741e+02   1.2475741e+02   1.6286285e-03   1.6286285e-03   4.8165127e-01   3.2535626e+01
   2.5991399e-02   5.0409196e+02   5.0409196e+02   3.4343501e+03   1.2605052e+02   1.2605052e+02   1.7012817e-03   1.7012817e-03   4.8683310e-01   3.4276287e+01
   2.6598044e-02   5.0100752e+02   5.0100752e+02   3.4281916e+03   1.2731308e+02   1.2731308e+02   1.7771243e-03   1.7771243e-03   4.9194040e-01   3.6092912e+01
   2.7218848e-02   4.9787788e+02   4.9787788e+02   3.4219425e+03   1.2854151e+02   1.2854151e+02   1.8563015e-03   1.8563015e-03   4.9696222e-01   3.7988941e+01
   2.7854142e-02   4.9470356e+02   4.9470356e+02   3.4156038e+03   1.2973084e+02   1.2973084e+02   1.9388042e-03   1.9388042e-03   5.0188244e-01   3.9968842e+01
   2.8504263e-02   4.9148353e+02   4.9148353e+02   3.4091736e+03   1.3088466e+02   1.3088466e+02   2.0245144e-03   2.0245144e-03   5.0670795e-01   4.2030054e+01
   2.9169559e-02   4.8821701e+02   4.8821701e+02   3.4026502e+03   1.3200439e+02   1.3200439e+02   2.1137255e-03   2.1137255e-03   5.1144250e-01   4.4171934e+01
   2.9850382e-02   4.8490424e+02   4.8490424e+02   3.3960341e+03   1.3308636e+02   1.3308636e+02   2.2065900e-03   2.2065900e-03   5.1607435e-01   4.6397905e+01
   3.0547097e-02   4.8154559e+02   4.8154559e+02   3.3893260e+03   1.3412668e+02   1.3412668e+02   2.3032673e-03   2.3032674e-03   5.2059104e-01   4.8711538e+01
   3.1260072e-02   4.7814144e+02   4.7814144e+02   3.3825267e+03   1.3512121e+02   1.3512121e+02   2.4039243e-03   2.4039243e-03   5.2497934e-01   5.1116567e+01
   3.1989689e-02   4.7469273e+02   4.7469273e+02   3.3756380e+03   1.3606456e+02   1.3606456e+02   2.5081619e-03   2.5081619e-03   5.2921935e-01   5.3617476e+01
   3.2736335e-02   4.7119719e+02   4.7119719e+02   3.3686554e+03   1.3696741e+02   1.3696741e+02   2.6161905e-03   2.6161904e-03   5.3333632e-01   5.6205829e+01
   3.3500408e-02   4.6765492e+02   4.6765492e+02   3.3615790e+03   1.3782781e+02   1.3782781e+02   2.7282729e-03   2.7282728e-03   5.3732261e-01   5.8883485e+01
   3.4282315e-02   4.6406648e+02   4.6406648e+02   3.3544101e+03   1.3864178e+02   1.3864178e+02   2.8445760e-03   2.8445760e-03   5.4116447e-01   6.1653894e+01
   3.5082471e-02   4.6043250e+02   4.6043250e+02   3.3471497e+03   1.3940508e+02   1.3940508e+02   2.9652743e-03   2.9652743e-03   5.4484731e-01   6.4520649e+01
   3.5901304e-02   4.5675376e+02   4.5675376e+02   3.3397995e+03   1.4011308e+02   1.4011308e+02   3.0905347e-03   3.0905347e-03   5.4835520e-01   6.7487619e+01
   3.6739248e-02   4.5303144e+02   4.5303144e+02   3.3323617e+03   1.4076168e+02   1.4076168e+02   3.2193513e-03   3.2193514e-03   5.5166774e-01   7.0557774e+01
   3.7596750e-02   4.4926227e+02   4.4926227e+02   3.3248300e+03   1.4136666e+02   1.4136666e+02   3.3525179e-03   3.3525179e-03   5.5482430e-01   7.3718548e+01
   3.8474266e-02   4.4544702e+02   4.4544702e+02   3.3172057e+03   1.4192423e+02   1.4192423e+02   3.4901994e-03   3.4901994e-03   5.5781021e-01   7.6972954e+01
   3.9372263e-02   4.4158662e+02   4.4158662e+02   3.3094908e+03   1.4243039e+02   1.4243039e+02   3.6325676e-03   3.6325676e-03   5.6060996e-01   8.0324114e+01
   4.0291220e-02   4.3768208e+02   4.3768208e+02   3.3016872e+03   1.4288089e+02   1.4288089e+02   3.7798014e-03   3.7798014e-03   5.6320711e-01   8.3775268e+01
   4.1231626e-02   4.3373454e+02   4.3373454e+02   3.2937972e+03   1.4327124e+02   1.4327124e+02   3.9320873e-03   3.9320873e-03   5.6558428e-01   8.7329780e+01
   4.2193981e-02   4.2974612e+02   4.2974612e+02   3.2858249e+03   1.4359595e+02   1.4359595e+02   4.0876857e-03   4.0876857e-03   5.6771293e-01   9.0991047e+01
   4.3178797e-02   4.2571204e+02   4.2571204e+02   3.2777610e+03   1.4387653e+02   1.4387653e+02   4.2479488e-03   4.2479488e-03   5.6965118e-01   9.4742283e+01
   4.4186600e-02   4.2163348e+02   4.2163348e+02   3.2696076e+03   1.4410953e+02   1.4410953e+02   4.4130379e-03   4.4130379e-03   5.7138333e-01   9.8585779e+01
   4.5217924e-02   4.1751174e+02   4.1751174e+02   3.2613675e+03   1.4429129e+02   1.4429129e+02   4.5831168e-03   4.5831169e-03   5.7289272e-01   1.0252391e+02
   4.6273320e-02   4.1334827e+02   4.1334827e+02   3.2530435e+03   1.4441793e+02   1.4441793e+02   4.7583558e-03   4.7583559e-03   5.7416170e-01   1.0655912e+02
   4.7353349e-02   4.0914467e+02   4.0914467e+02   3.2446386e+03   1.4448537e+02   1.4448537e+02   4.9389315e-03   4.9389315e-03   5.7517166e-01   1.1069391e+02
   4.8458586e-02   4.0490460e+02   4.0490460e+02   3.2361603e+03   1.4448490e+02   1.4448490e+02   5.1231285e-03   5.1231285e-03   5.7588156e-01   1.1493338e+02
   4.9589620e-02   4.0062309e+02   4.0062309e+02   3.2275986e+03   1.4443734e+02   1.4443734e+02   5.3112330e-03   5.3112328e-03   5.7635044e-01   1.1926160e+02
   5.0747052e-02   3.9629938e+02   3.9629938e+02   3.2189520e+03   1.4434727e+02   1.4434727e+02   5.5042917e-03   5.5042915e-03   5.7658908e-01   1.2367475e+02
   5.1931499e-02   3.9193523e+02   3.9193523e+02   3.2102241e+03   1.4421172e+02   1.4421172e+02   5.7024471e-03   5.7024469e-03   5.7658073e-01   1.2817406e+02
   5.3143592e-02   3.8753254e+02   3.8753254e+02   3.2014186e+03   1.4402760e+02   1.4402760e+02   5.9058459e-03   5.9058457e-03   5.7630770e-01   1.3276074e+02
   5.4383974e-02   3.8309341e+02   3.8309341e+02   3.1925396e+03   1.4379162e+02   1.4379162e+02   6.1146397e-03   6.1146397e-03   5.7575132e-01   1.3743599e+02
   5.5653308e-02   3.7862010e+02   3.7862010e+02   3.1835917e+03   1.4350033e+02   1.4350033e+02   6.3289850e-03   6.3289852e-03   5.7489189e-01   1.4220102e+02
   5.6952268e-02   3.7411790e+02   3.7411790e+02   3.1745853e+03   1.4314661e+02   1.4314661e+02   6.5455205e-03   6.5455206e-03   5.7368142e-01   1.4705772e+02
   5.8281546e-02   3.6957821e+02   3.6957821e+02   3.1655035e+03   1.4275486e+02   1.4275486e+02   6.7660576e-03   6.7660576e-03   5.7221387e-01   1.5199019e+02
   5.9641849e-02   3.6500140e+02   3.6500140e+02   3.1563469e+03   1.4232694e+02   1.4232694e+02   6.9915516e-03   6.9915515e-03   5.7049207e-01   1.5699619e+02
   6.1033903e-02   3.6038986e+02   3.6038986e+02   3.1471203e+03   1.4186073e+02   1.4186073e+02   7.2221091e-03   7.2221089e-03   5.6849972e-01   1.6207546e+02
   6.2458447e-02   3.5574619e+02   3.5574619e+02   3.1378288e+03   1.4135401e+02   1.4135401e+02   7.4578389e-03   7.4578388e-03   5.6621960e-01   1.6722766e+02
   6.3916241e-02   3.5107320e+02   3.5107320e+02   3.1284782e+03   1.4080442e+02   1.4080442e+02   7.6988520e-03   7.6988518e-03   5.6363362e-01   1.7245235e+02
   6.5408059e-02   3.4637395e+02   3.4637395e+02   3.1190743e+03   1.4020950e+02   1.4020950e+02   7.9452611e-03   7.9452611e-03   5.6072270e-01   1.7774894e+02
   6.6934697e-02   3.4165576e+02   3.4165576e+02   3.1096319e+03   1.3956343e+02   1.3956343e+02   8.1930078e-03   8.1930078e-03   5.5743290e-01   1.8311599e+02
   6.8496967e-02   3.3690837e+02   3.3690837e+02   3.1001304e+03   1.3888560e+02   1.3888560e+02   8.4436117e-03   8.4436117e-03   5.5386486e-01   1.8854428e+02
   7.0095701e-02   3.3213044e+02   3.3213044e+02   3.0905674e+03   1.3818028e+02   1.3818028e+02   8.6990368e-03   8.6990368e-03   5.5004128e-01   1.9403084e+02
   7.1731749e-02   3.2732505e+02   3.2732505e+02   3.0809490e+03   1.3744628e+02   1.3744628e+02   8.9593471e-03   8.9593471e-03   5.4594804e-01   1.9957380e+02
   7.3405984e-02   3.2249553e+02   3.2249553e+02   3.0712817e+03   1.3668235e+02   1.3668235e+02   9.2246057e-03   9.2246058e-03   5.4157033e-01   2.0517110e+02
   7.5119295e-02   3.1764548e+02   3.1764548e+02   3.0615728e+03   1.3588718e+02   1.3588718e+02   9.4948750e-03   9.4948750e-03   5.3689260e-01   2.1082046e+02
   7.6872595e-02   3.1277876e+02   3.1277876e+02   3.0518299e+03   1.3505941e+02   1.3505941e+02   9.7702161e-03   9.7702161e-03   5.3189850e-01   2.1651939e+02
   7.8666818e-02   3.0790327e+02   3.0790327e+02   3.0420688e+03   1.3419586e+02   1.3419586e+02   1.0048164e-02   1.0048164e-02   5.2654531e-01   2.2226323e+02
   8.0502918e-02   3.0301698e+02   3.0301698e+02   3.0322854e+03   1.3330350e+02   1.3330350e+02   1.0324521e-02   1.0324522e-02   5.2086321e-01   2.2804701e+02
   8.2381873e-02   2.9810747e+02   2.9810747e+02   3.0224552e+03   1.3239240e+02   1.3239240e+02   1.0605470e-02   1.0605470e-02   5.1495374e-01   2.3387296e+02
   8.4304684e-02   2.9317849e+02   2.9317849e+02   3.0125855e+03   1.3146223e+02   1.3146223e+02   1.0891028e-02   1.0891028e-02   5.0880714e-01   2.3973769e+02
   8.6272373e-02   2.8823408e+02   2.8823408e+02   3.0026844e+03   1.3051263e+02   1.3051263e+02   1.1181212e-02   1.1181212e-02   5.0241318e-01   2.4563752e+02
   8.8285988e-02   2.8327857e+02   2.8327857e+02   2.9927607e+03   1.2954327e+02   1.2954327e+02   1.1476034e-02   1.1476034e-02   4.9576118e-01   2.5156845e+02
   9.0346602e-02   2.7831664e+02   2.7831664e+02   2.9828236e+03   1.2855380e+02   1.2855380e+02   1.1775499e-02   1.1775500e-02   4.8883998e-01   2.5752617e+02
   9.2455311e-02   2.7335329e+02   2.7335329e+02   2.9728831e+03   1.2754386e+02   1.2754386e+02   1.2079613e-02   1.2079613e-02   4.8163792e-01   2.6350605e+02
   9.4613238e-02   2.6840169e+02   2.6840169e+02   2.9629654e+03   1.2651273e+02   1.2651273e+02   1.2383096e-02   1.2383096e-02   4.7410377e-01   2.6949571e+02
   9.6821531e-02   2.6345265e+02   2.6345265e+02   2.9530524e+03   1.2546651e+02   1.2546651e+02   1.2683078e-02   1.2683078e-02   4.6630283e-01   2.7549817e+02
   9.9081366e-02   2.5849115e+02   2.5849115e+02   2.9431140e+03   1.2440878e+02   1.2440878e+02   1.2987298e-02   1.2987298e-02   4.5832959e-01   2.8152477e+02
   1.0139395e-01   2.5352175e+02   2.5352175e+02   2.9331595e+03   1.2333989e+02   1.2333989e+02   1.3295724e-02   1.3295724e-02   4.5018048e-01   2.8757058e+02
   1.0376050e-01   2.4854938e+02   2.4854938e+02   2.9231988e+03   1.2226022e+02   1.2226022e+02   1.3608317e-02   1.3608317e-02   4.4185188e-01   2.9363033e+02
   1.0618229e-01   2.4357929e+02   2.4357929e+02   2.9132422e+03   1.2117018e+02   1.2117018e+02   1.3925032e-02   1.3925032e-02   4.3334010e-01   2.9969833e+02
   1.0866061e-01   2.3861714e+02   2.3861714e+02   2.9033011e+03   1.2007024e+02   1.2007024e+02   1.4245816e-02   1.4245816e-02   4.2464141e-01   3.0576849e+02
   1.1119677e-01   2.3366895e+02   2.3366895e+02   2.8933876e+03   1.1896089e+02   1.1896089e+02   1.4570605e-02   1.4570605e-02   4.1575198e-01   3.1183427e+02
   1.1379213e-01   2.2874119e+02   2.2874119e+02   2.8835146e+03   1.1784268e+02   1.1784268e+02   1.4899329e-02   1.4899329e-02   4.0666796e-01   3.1788867e+02
   1.1644806e-01   2.2385877e+02   2.2385877e+02   2.8737317e+03   1.1672014e+02   1.1672014e+02   1.5218097e-02   1.5218097e-02   3.9732967e-01   3.2390233e+02
   1.1916598e-01   2.1898373e+02   2.1898373e+02   2.8639634e+03   1.1559238e+02   1.1559238e+02   1.5535810e-02   1.5535810e-02   3.8787108e-01   3.2991394e+02
   1.2194734e-01   2.1411035e+02   2.1411035e+02   2.8541982e+03   1.1445901e+02   1.1445901e+02   1.5857094e-02   1.5857094e-02   3.7832959e-01   3.3592960e+02
   1.2479362e-01   2.0924410e+02   2.0924410e+02   2.8444471e+03   1.1332087e+02   1.1332087e+02   1.6181851e-02   1.6181850e-02   3.6870976e-01   3.4194296e+02
   1.2770633e-01   2.0439086e+02   2.0439086e+02   2.8347219e+03   1.1217886e+02   1.1217886e+02   1.6509971e-02   1.6509970e-02   3.5901661e-01   3.4794724e+02
   1.3068702e-01   1.9955693e+02   1.9955693e+02   2.8250351e+03   1.1103398e+02   1.1103398e+02   1.6841334e-02   1.6841334e-02   3.4925554e-01   3.5393516e+02
   1.3373729e-01   1.9474900e+02   1.9474900e+02   2.8154003e+03   1.0988727e+02   1.0988727e+02   1.7175807e-02   1.7175807e-02   3.3943246e-01   3.5989895e+02
   1.3685874e-01   1.8997425e+02   1.8997425e+02   2.8058317e+03   1.0873987e+02   1.0873987e+02   1.7513245e-02   1.7513245e-02   3.2955374e-01   3.6583031e+02
   1.4005305e-01   1.8524031e+02   1.8524031e+02   2.7963447e+03   1.0759299e+02   1.0759299e+02   1.7853488e-02   1.7853488e-02   3.1962630e-01   3.7172037e+02
   1.4332192e-01   1.8056191e+02   1.8056191e+02   2.7869686e+03   1.0644942e+02   1.0644942e+02   1.8192061e-02   1.8192061e-02   3.0964977e-01   3.7755164e+02
   1.4666709e-01   1.7593522e+02   1.7593522e+02   2.7776958e+03   1.0531099e+02   1.0531099e+02   1.8518378e-02   1.8518378e-02   2.9963956e-01   3.8332612e+02
   1.5009033e-01   1.7132713e+02   1.7132713e+02   2.7684603e+03   1.0417199e+02   1.0417199e+02   1.8846650e-02   1.8846650e-02   2.8964910e-01   3.8908254e+02
   1.5359347e-01   1.6674405e+02   1.6674405e+02   2.7592749e+03   1.0303364e+02   1.0303364e+02   1.9176656e-02   1.9176656e-02   2.7969081e-01   3.9481327e+02
   1.5717837e-01   1.6219283e+02   1.6219283e+02   2.7501533e+03   1.0189724e+02   1.0189724e+02   1.9508156e-02   1.9508156e-02   2.6977798e-01   4.0051014e+02
   1.6084695e-01   1.5768076e+02   1.5768076e+02   2.7411101e+03   1.0076418e+02   1.0076418e+02   1.9840891e-02   1.9840891e-02   2.5992479e-01   4.0616446e+02
   1.6460115e-01   1.5321563e+02   1.5321563e+02   2.7321610e+03   9.9635945e+01   9.9635945e+01   2.0174585e-02   2.0174585e-02   2.5014638e-01   4.1176693e+02
   1.6844298e-01   1.4880572e+02   1.4880572e+02   2.7233225e+03   9.8514132e+01   9.8514132e+01   2.0508936e-02   2.0508936e-02   2.4045889e-01   4.1730767e+02
   1.7237447e-01   1.4446084e+02   1.4446084e+02   2.7146142e+03   9.7400685e+01   9.7400685e+01   2.0843126e-02   2.0843126e-02   2.3087979e-01   4.2277491e+02
   1.7639773e-01   1.4019295e+02   1.4019295e+02   2.7060602e+03   9.6300165e+01   9.6300165e+01   2.1163654e-02   2.1163654e-02   2.2141652e-01   4.2815214e+02
   1.8051489e-01   1.3595929e+02   1.3595929e+02   2.6975748e+03   9.5203240e+01   9.5203240e+01   2.1484716e-02   2.1484716e-02   2.1206124e-01   4.3349144e+02
   1.8472814e-01   1.3176697e+02   1.3176697e+02   2.6891723e+03   9.4111379e+01   9.4111379e+01   2.1805995e-02   2.1805995e-02   2.0283198e-01   4.3878421e+02
   1.8903974e-01   1.2762357e+02   1.2762357e+02   2.6808680e+03   9.3026146e+01   9.3026146e+01   2.2127154e-02   2.2127155e-02   1.9374795e-01   4.4402128e+02
   1.9345197e-01   1.2353718e+02   1.2353718e+02   2.6726780e+03   9.1949214e+01   9.1949214e+01   2.2447831e-02   2.2447831e-02   1.8482957e-01   4.4919289e+02
   1.9796718e-01   1.1951636e+02   1.1951636e+02   2.6646195e+03   9.0882363e+01   9.0882363e+01   2.2767636e-02   2.2767636e-02   1.7609854e-01   4.5428864e+02
   2.0258777e-01   1.1557027e+02   1.1557027e+02   2.6567110e+03   8.9827494e+01   8.9827494e+01   2.3086155e-02   2.3086155e-02   1.6757793e-01   4.5929749e+02
   2.0731621e-01   1.1171302e+02   1.1171302e+02   2.6489805e+03   8.8789308e+01   8.8789308e+01   2.3392874e-02   2.3392874e-02   1.5928664e-01   4.6420060e+02
   2.1215502e-01   1.0790556e+02   1.0790556e+02   2.6413499e+03   8.7759106e+01   8.7759106e+01   2.3697230e-02   2.3697230e-02   1.5116722e-01   4.6904577e+02
   2.1710676e-01   1.0415201e+02   1.0415201e+02   2.6338276e+03   8.6737641e+01   8.6737641e+01   2.4000284e-02   2.4000283e-02   1.4323594e-01   4.7382811e+02
   2.2217408e-01   1.0046036e+02   1.0046036e+02   2.6264294e+03   8.5726662e+01   8.5726662e+01   2.4301608e-02   2.4301607e-02   1.3551502e-01   4.7853786e+02
   2.2735967e-01   9.6839132e+01   9.6839132e+01   2.6191726e+03   8.4728037e+01   8.4728037e+01   2.4600746e-02   2.4600746e-02   1.2802804e-01   4.8316460e+02
   2.3266629e-01   9.3297350e+01   9.3297350e+01   2.6120752e+03   8.3743751e+01   8.3743751e+01   2.4897212e-02   2.4897212e-02   1.2080004e-01   4.8769730e+02
   2.3809677e-01   8.9849800e+01   8.9849800e+01   2.6051668e+03   8.2777914e+01   8.2777914e+01   2.5185639e-02   2.5185639e-02   1.1386292e-01   4.9211705e+02
   2.4365400e-01   8.6470414e+01   8.6470414e+01   2.5983951e+03   8.1825500e+01   8.1825500e+01   2.5467431e-02   2.5467431e-02   1.0714946e-01   4.9645500e+02
   2.4934094e-01   8.3152079e+01   8.3152079e+01   2.5917460e+03   8.0884526e+01   8.0884526e+01   2.5746668e-02   2.5746668e-02   1.0064900e-01   5.0072025e+02
   2.5516061e-01   7.9902829e+01   7.9902829e+01   2.5852356e+03   7.9956850e+01   7.9956850e+01   2.6022861e-02   2.6022860e-02   9.4383958e-02   5.0490289e+02
   2.6111611e-01   7.6731195e+01   7.6731195e+01   2.5788808e+03   7.9044447e+01   7.9044447e+01   2.6295485e-02   2.6295484e-02   8.8378122e-02   5.0899239e+02
   2.6721062e-01   7.3646238e+01   7.3646238e+01   2.5727000e+03   7.8149418e+01   7.8149418e+01   2.6563985e-02   2.6563985e-02   8.2656684e-02   5.1297756e+02
   2.7344737e-01   7.0657740e+01   7.0657740e+01   2.5667127e+03   7.7275336e+01   7.7275336e+01   2.6822286e-02   2.6822286e-02   7.7235112e-02   5.1684504e+02
   2.7982969e-01   6.7734574e+01   6.7734574e+01   2.5608564e+03   7.6415047e+01   7.6415047e+01   2.7076102e-02   2.7076102e-02   7.2025854e-02   5.2063320e+02
   2.8636097e-01   6.4881134e+01   6.4881134e+01   2.5551401e+03   7.5569517e+01   7.5569517e+01   2.7326045e-02   2.7326046e-02   6.7041473e-02   5.2433666e+02
   2.9304470e-01   6.2105561e+01   6.2105561e+01   2.5495800e+03   7.4740735e+01   7.4740735e+01   2.7571562e-02   2.7571562e-02   6.2303579e-02   5.2794526e+02
   2.9988442e-01   5.9416495e+01   5.9416495e+01   2.5441934e+03   7.3930815e+01   7.3930815e+01   2.7812065e-02   2.7812065e-02   5.7835059e-02   5.3144823e+02
   3.0688379e-01   5.6824274e+01   5.6824274e+01   2.5390010e+03   7.3143136e+01   7.3143136e+01   2.8043630e-02   2.8043630e-02   5.3655881e-02   5.3483185e+02
   3.1404652e-01   5.4302936e+01   5.4302936e+01   2.5339509e+03   7.2371983e+01   7.2371983e+01   2.8269263e-02   2.8269263e-02   4.9683889e-02   5.3812786e+02
   3.2137643e-01   5.1853186e+01   5.1853186e+01   2.5290443e+03   7.1617439e+01   7.1617439e+01   2.8490232e-02   2.8490232e-02   4.5919650e-02   5.4133548e+02
   3.2887743e-01   4.9482854e+01   4.9482854e+01   2.5242970e+03   7.0881524e+01   7.0881524e+01   2.8705959e-02   2.8705959e-02   4.2382202e-02   5.4444483e+02
   3.3655350e-01   4.7200244e+01   4.7200244e+01   2.5197256e+03   7.0166386e+01   7.0166386e+01   2.8915830e-02   2.8915830e-02   3.9091699e-02   5.4744545e+02
   3.4440873e-01   4.5009289e+01   4.5009289e+01   2.5153380e+03   6.9474222e+01   6.9474222e+01   2.9116242e-02   2.9116242e-02   3.6045616e-02   5.5033121e+02
   3.5244730e-01   4.2885692e+01   4.2885692e+01   2.5110854e+03   6.8798937e+01   6.8798937e+01   2.9311688e-02   2.9311688e-02   3.3172166e-02   5.5313258e+02
   3.6067350e-01   4.0836197e+01   4.0836197e+01   2.5069815e+03   6.8142358e+01   6.8142358e+01   2.9501727e-02   2.9501727e-02   3.0485877e-02   5.5584096e+02
   3.6909169e-01   3.8868374e+01   3.8868374e+01   2.5030412e+03   6.7506549e+01   6.7506549e+01   2.9685761e-02   2.9685761e-02   2.8003122e-02   5.5844670e+02
   3.7770637e-01   3.6990581e+01   3.6990581e+01   2.4992814e+03   6.6894290e+01   6.6894290e+01   2.9861688e-02   2.9861688e-02   2.5737799e-02   5.6093867e+02
   3.8652212e-01   3.5182767e+01   3.5182767e+01   2.4956619e+03   6.6300959e+01   6.6300959e+01   3.0031307e-02   3.0031307e-02   2.3628305e-02   5.6334158e+02
   3.9554362e-01   3.3444847e+01   3.3444847e+01   2.4921825e+03   6.5726548e+01   6.5726548e+01   3.0195414e-02   3.0195414e-02   2.1670768e-02   5.6565554e+02
   4.0477570e-01   3.1783745e+01   3.1783745e+01   2.4888570e+03   6.5173047e+01   6.5173047e+01   3.0353434e-02   3.0353434e-02   1.9878234e-02   5.6787162e+02
   4.1422325e-01   3.0207096e+01   3.0207096e+01   2.4857008e+03   6.4643008e+01   6.4643008e+01   3.0503811e-02   3.0503811e-02   1.8262222e-02   5.6997963e+02
   4.2389131e-01   2.8697540e+01   2.8697540e+01   2.4826790e+03   6.4132279e+01   6.4132279e+01   3.0647966e-02   3.0647966e-02   1.6773259e-02   5.7200111e+02
   4.3378502e-01   2.7254291e+01   2.7254291e+01   2.4797901e+03   6.3640686e+01   6.3640686e+01   3.0786568e-02   3.0786568e-02   1.5405828e-02   5.7393704e+02
   4.4390965e-01   2.5883689e+01   2.5883689e+01   2.4770466e+03   6.3170143e+01   6.3170143e+01   3.0919067e-02   3.0919067e-02   1.4170146e-02   5.7577916e+02
   4.5427060e-01   2.4590135e+01   2.4590135e+01   2.4744576e+03   6.2722449e+01   6.2722449e+01   3.1044205e-02   3.1044205e-02   1.3068685e-02   5.7752126e+02
   4.6487337e-01   2.3356515e+01   2.3356515e+01   2.4719886e+03   6.2293029e+01   6.2293029e+01   3.1163872e-02   3.1163872e-02   1.2060157e-02   5.7918507e+02
   4.7572361e-01   2.2185871e+01   2.2185871e+01   2.4696457e+03   6.1882853e+01   6.1882853e+01   3.1278014e-02   3.1278014e-02   1.1147361e-02   5.8076657e+02
   4.8682710e-01   2.1084837e+01   2.1084837e+01   2.4674422e+03   6.1494058e+01   6.1494058e+01   3.1385896e-02   3.1385896e-02   1.0339219e-02   5.8225699e+02
   4.9818975e-01   2.0046984e+01   2.0046984e+01   2.4653653e+03   6.1125269e+01   6.1125269e+01   3.1487552e-02   3.1487552e-02   9.6177956e-03   5.8366415e+02
   5.0981761e-01   1.9063765e+01   1.9063765e+01   2.4633977e+03   6.0773988e+01   6.0773988e+01   3.1584244e-02   3.1584244e-02   8.9649225e-03   5.8499911e+02
   5.2171686e-01   1.8140180e+01   1.8140180e+01   2.4615496e+03   6.0441857e+01   6.0441857e+01   3.1675510e-02   3.1675510e-02   8.3862327e-03   5.8625523e+02
   5.3389384e-01   1.7279130e+01   1.7279130e+01   2.4598266e+03   6.0130121e+01   6.0130121e+01   3.1760680e-02   3.1760680e-02   7.8821258e-03   5.8742835e+02
   5.4635504e-01   1.6467117e+01   1.6467117e+01   2.4582019e+03   5.9834766e+01   5.9834766e+01   3.1841172e-02   3.1841172e-02   7.4287653e-03   5.8853601e+02
   5.5910708e-01   1.5706651e+01   1.5706651e+01   2.4566803e+03   5.9556657e+01   5.9556657e+01   3.1916845e-02   3.1916845e-02   7.0276647e-03   5.8957483e+02
   5.7215676e-01   1.5002213e+01   1.5002213e+01   2.4552709e+03   5.9297427e+01   5.9297427e+01   3.1987107e-02   3.1987107e-02   6.6821881e-03   5.9053870e+02
   5.8551102e-01   1.4343196e+01   1.4343196e+01   2.4539523e+03   5.9053869e+01   5.9053869e+01   3.2052894e-02   3.2052894e-02   6.3758903e-03   5.9144145e+02
   5.9917697e-01   1.3728427e+01   1.3728427e+01   2.4527224e+03   5.8825645e+01   5.8825645e+01   3.2114452e-02   3.2114452e-02   6.1057265e-03   5.9228459e+02
   6.1316188e-01   1.3162197e+01   1.3162197e+01   2.4515896e+03   5.8614302e+01   5.8614302e+01   3.2171299e-02   3.2171299e-02   5.8747265e-03   5.9306228e+02
   6.2747321e-01   1.2637165e+01   1.2637165e+01   2.4505392e+03   5.8417568e+01   5.8417568e+01   3.2224026e-02   3.2224026e-02   5.6729938e-03   5.9378415e+02
   6.4211857e-01   1.2149685e+01   1.2149685e+01   2.4495640e+03   5.8234238e+01   5.8234238e+01   3.2273101e-02   3.2273101e-02   5.4957083e-03   5.9445503e+02
   6.5710575e-01   1.1703410e+01   1.1703410e+01   2.4486712e+03   5.8065645e+01   5.8065645e+01   3.2318139e-02   3.2318139e-02   5.3450318e-03   5.9506996e+02
   6.7244274e-01   1.1293405e+01   1.1293405e+01   2.4478510e+03   5.7910220e+01   5.7910220e+01   3.2359519e-02   3.2359520e-02   5.2152363e-03   5.9563544e+02
   6.8813770e-01   1.0914746e+01   1.0914746e+01   2.4470936e+03   5.7766261e+01   5.7766261e+01   3.2397809e-02   3.2397810e-02   5.1015661e-03   5.9615810e+02
   7.0419898e-01   1.0570395e+01   1.0570395e+01   2.4464048e+03   5.7634864e+01   5.7634864e+01   3.2432705e-02   3.2432705e-02   5.0054398e-03   5.9663387e+02
   7.2063513e-01   1.0257144e+01   1.0257144e+01   2.4457782e+03   5.7514986e+01   5.7514986e+01   3.2464446e-02   3.2464447e-02   4.9236518e-03   5.9706702e+02
   7.3745491e-01   9.9694702e+00   9.9694702e+00   2.4452027e+03   5.7404648e+01   5.7404648e+01   3.2493640e-02   3.2493640e-02   4.8521906e-03   5.9746504e+02
   7.5466726e-01   9.7096382e+00   9.7096382e+00   2.4446830e+03   5.7304701e+01   5.7304701e+01   3.2520056e-02   3.2520056e-02   4.7919200e-03   5.9782483e+02
   7.7228136e-01   9.4760457e+00   9.4760457e+00   2.4442157e+03   5.7214631e+01   5.7214631e+01   3.2543799e-02   3.2543800e-02   4.7413014e-03   5.9814849e+02
   7.9030657e-01   9.2626945e+00   9.2626945e+00   2.4437890e+03   5.7132230e+01   5.7132230e+01   3.2565510e-02   3.2565510e-02   4.6970755e-03   5.9844425e+02
   8.0875249e-01   9.0712704e+00   9.0712704e+00   2.4434061e+03   5.7058137e+01   5.7058137e+01   3.2585017e-02   3.2585017e-02   4.6597491e-03   5.9870976e+02
   8.2762895e-01   8.9015741e+00   8.9015741e+00   2.4430667e+03   5.6992323e+01   5.6992323e+01   3.2602309e-02   3.2602309e-02   4.6288265e-03   5.9894527e+02
   8.4694598e-01   8.7474858e+00   8.7474858e+00   2.4427585e+03   5.6932493e+01   5.6932493e+01   3.2618022e-02   3.2618022e-02   4.6017852e-03   5.9915918e+02
   8.6671388e-01   8.6100494e+00   8.6100494e+00   2.4424836e+03   5.6879049e+01   5.6879049e+01   3.2632050e-02   3.2632050e-02   4.5788540e-03   5.9935006e+02
   8.8694317e-01   8.4900409e+00   8.4900409e+00   2.4422436e+03   5.6832305e+01   5.6832305e+01   3.2644303e-02   3.2644303e-02   4.5600696e-03   5.9951681e+02
   9.0764461e-01   8.3820798e+00   8.3820798e+00   2.4420276e+03   5.6790220e+01   5.6790220e+01   3.2655328e-02   3.2655328e-02   4.5437135e-03   5.9966685e+02
   9.2882923e-01   8.2860978e+00   8.2860978e+00   2.4418357e+03   5.6752769e+01   5.6752769e+01   3.2665137e-02   3.2665137e-02   4.5297014e-03   5.9980027e+02
   9.5050830e-01   8.2032594e+00   8.2032594e+00   2.4416700e+03   5.6720407e+01   5.6720407e+01   3.2673607e-02   3.2673607e-02   4.5182336e-03   5.9991547e+02
   9.7269336e-01   8.1304010e+00   8.1304010e+00   2.4415243e+03   5.6691925e+01   5.6691925e+01   3.2681055e-02   3.2681055e-02   4.5084854e-03   6.0001680e+02
   9.9539623e-01   8.0655488e+00   8.0655488e+00   2.4413946e+03   5.6666559e+01   5.6666559e+01   3.2687687e-02   3.2687687e-02   4.5000070e-03   6.0010702e+02
   1.0186290e+00   8.0093482e+00   8.0093482e+00   2.4412822e+03   5.6644561e+01   5.6644561e+01   3.2693438e-02   3.2693438e-02   4.4928987e-03   6.0018521e+02
   1.0424040e+00   7.9621281e+00   7.9621281e+00   2.4411877e+03   5.6626064e+01   5.6626065e+01   3.2698270e-02   3.2698270e-02   4.4871639e-03   6.0025092e+02
   1.0667339e+00   7.9202881e+00   7.9202881e+00   2.4411040e+03   5.6609671e+01   5.6609671e+01   3.2702552e-02   3.2702552e-02   4.4821576e-03   6.0030915e+02
   1.0916317e+00   7.8836685e+00   7.8836685e+00   2.4410308e+03   5.6595319e+01   5.6595319e+01   3.2706300e-02   3.2706300e-02   4.4778460e-03   6.0036012e+02
   1.1171107e+00   7.8526840e+00   7.8526840e+00   2.4409688e+03   5.6583169e+01   5.6583169e+01   3.2709473e-02   3.2709473e-02   4.4742837e-03   6.0040325e+02
   1.1431843e+00   7.8274093e+00   7.8274093e+00   2.4409183e+03   5.6573255e+01   5.6573255e+01   3.2712060e-02   3.2712060e-02   4.4714543e-03   6.0043844e+02
   1.1698664e+00   7.8051104e+00   7.8051104e+00   2.4408737e+03   5.6564506e+01   5.6564507e+01   3.2714343e-02   3.2714343e-02   4.4689753e-03   6.0046949e+02
   1.1971713e+00   7.7857437e+00   7.7857437e+00   2.4408349e+03   5.6556907e+01   5.6556907e+01   3.2716326e-02   3.2716327e-02   4.4668397e-03   6.0049645e+02
   1.2251136e+00   7.7695408e+00   7.7695409e+00   2.4408025e+03   5.6550548e+01   5.6550548e+01   3.2717986e-02   3.2717986e-02   4.4650743e-03   6.0051901e+02
   1.2537080e+00   7.7568424e+00   7.7568424e+00   2.4407771e+03   5.6545563e+01   5.6545563e+01   3.2719287e-02   3.2719287e-02   4.4637146e-03   6.0053669e+02
   1.2829698e+00   7.7461796e+00   7.7461796e+00   2.4407558e+03   5.6541377e+01   5.6541377e+01   3.2720379e-02   3.2720379e-02   4.4625796e-03   6.0055154e+02
   1.3129146e+00   7.7368256e+00   7.7368256e+00   2.4407371e+03   5.6537705e+01   5.6537705e+01   3.2721337e-02   3.2721337e-02   4.4615863e-03   6.0056457e+02
   1.3435583e+00   7.7288847e+00   7.7288847e+00   2.4407212e+03   5.6534587e+01   5.6534587e+01   3.2722150e-02   3.2722150e-02   4.4607459e-03   6.0057562e+02
   1.3749172e+00   7.7224667e+00   7.7224667e+00   2.4407084e+03   5.6532067e+01   5.6532067e+01   3.2722807e-02   3.2722807e-02   4.4600704e-03   6.0058456e+02
   1.4070081e+00   7.7177554e+00   7.7177554e+00   2.4406990e+03   5.6530216e+01   5.6530216e+01   3.2723290e-02   3.2723290e-02   4.4595787e-03   6.0059112e+02
   1.4398480e+00   7.7140615e+00   7.7140615e+00   2.4406916e+03   5.6528766e+01   5.6528766e+01   3.2723669e-02   3.2723668e-02   4.4591940e-03   6.0059627e+02
   1.4734543e+00   7.7107936e+00   7.7107936e+00   2.4406850e+03   5.6527482e+01   5.6527482e+01   3.2724003e-02   3.2724003e-02   4.4588537e-03   6.0060082e+02
   1.5078450e+00   7.7079857e+00   7.7079858e+00   2.4406794e+03   5.6526379e+01   5.6526379e+01   3.2724291e-02   3.2724291e-02   4.4585616e-03   6.0060473e+02
   1.5430385e+00   7.7056741e+00   7.7056741e+00   2.4406748e+03   5.6525472e+01   5.6525472e+01   3.2724528e-02   3.2724528e-02   4.4583212e-03   6.0060795e+02
   1.5790533e+00   7.7038969e+00   7.7038969e+00   2.4406712e+03   5.6524773e+01   5.6524774e+01   3.2724710e-02   3.2724710e-02   4.4581367e-03   6.0061042e+02
   1.6159088e+00   7.7026941e+00   7.7026941e+00   2.4406688e+03   5.6524301e+01   5.6524301e+01   3.2724833e-02   3.2724833e-02   4.4580121e-03   6.0061210e+02
   1.6536244e+00   7.7019883e+00   7.7019883e+00   2.4406674e+03   5.6524024e+01   5.6524024e+01   3.2724905e-02   3.2724905e-02   4.4579390e-03   6.0061308e+02
   1.6922204e+00   7.7013518e+00   7.7013518e+00   2.4406662e+03   5.6523774e+01   5.6523774e+01   3.2724970e-02   3.2724970e-02   4.4578731e-03   6.0061397e+02
   1.7317171e+00   7.7007871e+00   7.7007871e+00   2.4406650e+03   5.6523552e+01   5.6523552e+01   3.2725028e-02   3.2725028e-02   4.4578146e-03   6.0061475e+02
   1.7721358e+00   7.7002999e+00   7.7002999e+00   2.4406641e+03   5.6523361e+01   5.6523361e+01   3.2725078e-02   3.2725078e-02   4.4577642e-03   6.0061543e+02
   1.8134978e+00   7.6998965e+00   7.6998965e+00   2.4406632e+03   5.6523202e+01   5.6523202e+01   3.2725120e-02   3.2725119e-02   4.4577224e-03   6.0061599e+02
   1.8558252e+00   7.6995831e+00   7.6995831e+00   2.4406626e+03   5.6523079e+01   5.6523079e+01   3.2725152e-02   3.2725152e-02   4.4576899e-03   6.0061643e+02
   1.8991406e+00   7.6993667e+00   7.6993667e+00   2.4406622e+03   5.6522994e+01   5.6522994e+01   3.2725174e-02   3.2725174e-02   4.4576675e-03   6.0061673e+02
   1.9434669e+00   7.6992544e+00   7.6992544e+00   2.4406620e+03   5.6522950e+01   5.6522950e+01   3.2725185e-02   3.2725185e-02   4.4576559e-03   6.0061689e+02
   1.9888279e+00   7.6992422e+00   7.6992422e+00   2.4406619e+03   5.6522945e+01   5.6522945e+01   3.2725187e-02   3.2725187e-02   4.4576546e-03   6.0061690e+02
   2.0352475e+00   7.6992476e+00   7.6992476e+00   2.4406619e+03   5.6522947e+01   5.6522947e+01   3.2725186e-02   3.2725186e-02   4.4576552e-03   6.0061690e+02
   2.0827506e+00   7.6992526e+00   7.6992526e+00   2.4406620e+03   5.6522949e+01   5.6522949e+01   3.2725185e-02   3.2725185e-02   4.4576557e-03   6.0061689e+02
   2.1313625e+00   7.6992572e+00   7.6992572e+00   2.4406620e+03   5.6522951e+01   5.6522951e+01   3.2725185e-02   3.2725185e-02   4.4576561e-03   6.0061688e+02
   2.1811089e+00   7.6992614e+00   7.6992614e+00   2.4406620e+03   5.6522953e+01   5.6522953e+01   3.2725185e-02   3.2725185e-02   4.4576566e-03   6.0061688e+02
   2.2320165e+00   7.6992652e+00   7.6992652e+00   2.4406620e+03   5.6522954e+01   5.6522954e+01   3.2725184e-02   3.2725184e-02   4.4576570e-03   6.0061687e+02
   2.2841122e+00   7.6992685e+00   7.6992685e+00   2.4406620e+03   5.6522956e+01   5.6522956e+01   3.2725184e-02   3.2725184e-02   4.4576573e-03   6.0061687e+02
   2.3374239e+00   7.6992713e+00   7.6992713e+00   2.4406620e+03   5.6522957e+01   5.6522957e+01   3.2725184e-02   3.2725184e-02   4.4576576e-03   6.0061686e+02
   2.3919798e+00   7.6992735e+00   7.6992735e+00   2.4406620e+03   5.6522958e+01   5.6522958e+01   3.2725183e-02   3.2725183e-02   4.4576578e-03   6.0061686e+02
   2.4478092e+00   7.6992750e+00   7.6992751e+00   2.4406620e+03   5.6522958e+01   5.6522958e+01   3.2725183e-02   3.2725183e-02   4.4576580e-03   6.0061686e+02
   2.5049415e+00   7.6992760e+00   7.6992760e+00   2.4406620e+03   5.6522959e+01   5.6522959e+01   3.2725183e-02   3.2725183e-02   4.4576581e-03   6.0061686e+02
   2.5634074e+00   7.6992762e+00   7.6992762e+00   2.4406620e+03   5.6522959e+01   5.6522959e+01   3.2725183e-02   3.2725183e-02   4.4576581e-03   6.0061686e+02
   2.6232379e+00   7.6992757e+00   7.6992757e+00   2.4406620e+03   5.6522958e+01   5.6522958e+01   3.2725183e-02   3.2725183e-02   4.4576580e-03   6.0061686e+02
   2.6844648e+00   7.6992744e+00   7.6992744e+00   2.4406620e+03   5.6522958e+01   5.6522958e+01   3.2725183e-02   3.2725183e-02   4.4576579e-03   6.0061686e+02
   2.7471208e+00   7.6992727e+00   7.6992727e+00   2.4406620e+03   5.6522957e+01   5.6522957e+01   3.2725183e-02   3.2725183e-02   4.4576577e-03   6.0061686e+02
   2.8112392e+00   7.6992716e+00   7.6992716e+00   2.4406620e+03   5.6522957e+01   5.6522957e+01   3.2725183e-02   3.2725183e-02   4.4576576e-03   6.0061686e+02
   2.8768541e+00   7.6992705e+00   7.6992705e+00   2.4406620e+03   5.6522956e+01   5.6522956e+01   3.2725184e-02   3.2725184e-02   4.4576575e-03   6.0061687e+02
   2.9440005e+00   7.6992695e+00   7.6992695e+00   2.4406620e+03   5.6522956e+01   5.6522956e+01   3.2725184e-02   3.2725184e-02   4.4576574e-03   6.0061687e+02
   3.0127141e+00   7.6992686e+00   7.6992686e+00   2.4406620e+03   5.6522956e+01   5.6522956e+01   3.2725184e-02   3.2725184e-02   4.4576573e-03   6.0061687e+02
   3.0830315e+00   7.6992679e+00   7.6992679e+00   2.4406620e+03   5.6522955e+01   5.6522955e+01   3.2725184e-02   3.2725184e-02   4.4576572e-03   6.0061687e+02
   3.1549901e+00   7.6992672e+00   7.6992672e+00   2.4406620e+03   5.6522955e+01   5.6522955e+01   3.2725184e-02   3.2725184e-02   4.4576572e-03   6.0061687e+02
   3.2286282e+00   7.6992667e+00   7.6992667e+00   2.4406620e+03   5.6522955e+01   5.6522955e+01   3.2725184e-02   3.2725184e-02   4.4576571e-03   6.0061687e+02
   3.3039851e+00   7.6992663e+00   7.6992663e+00   2.4406620e+03   5.6522955e+01   5.6522955e+01   3.2725184e-02   3.2725184e-02   4.4576571e-03   6.0061687e+02
   3.3811008e+00   7.6992661e+00   7.6992661e+00   2.4406620e+03   5.6522955e+01   5.6522955e+01   3.2725184e-02   3.2725184e-02   4.4576571e-03   6.0061687e+02
   3.4600164e+00   7.6992660e+00   7.6992660e+00   2.4406620e+03   5.6522955e+01   5.6522955e+01   3.2725184e-02   3.2725184e-02   4.4576571e-03   6.0061687e+02
   3.5407739e+00   7.6992661e+00   7.6992661e+00   2.4406620e+03   5.6522955e+01   5.6522955e+01   3.2725184e-02   3.2725184e-02   4.4576571e-03   6.0061687e+02
   3.6234163e+00   7.6992664e+00   7.6992664e+00   2.4406620e+03   5.6522955e+01   5.6522955e+01   3.2725184e-02   3.2725184e-02   4.4576571e-03   6.0061687e+02
   3.7079876e+00   7.6992669e+00   7.6992669e+00   2.4406620e+03   5.6522955e+01   5.6522955e+01   3.2725184e-02   3.2725184e-02   4.4576571e-03   6.0061687e+02
   3.7945328e+00   7.6992673e+00   7.6992673e+00   2.4406620e+03   5.6522955e+01   5.6522955e+01   3.2725184e-02   3.2725184e-02   4.4576572e-03   6.0061687e+02
   3.8830980e+00   7.6992676e+00   7.6992676e+00   2.4406620e+03   5.6522955e+01   5.6522955e+01   3.2725184e-02   3.2725184e-02   4.4576572e-03   6.0061687e+02
   3.9737304e+00   7.6992678e+00   7.6992678e+00   2.4406620e+03   5.6522955e+01   5.6522955e+01   3.2725184e-02   3.2725184e-02   4.4576572e-03   6.0061687e+02
   4.0664781e+00   7.6992681e+00   7.6992681e+00   2.4406620e+03   5.6522955e+01   5.6522955e+01   3.2725184e-02   3.2725184e-02   4.4576573e-03   6.0061687e+02
   4.1613906e+00   7.6992682e+00   7.6992682e+00   2.4406620e+03   5.6522955e+01   5.6522956e+01   3.2725184e-02   3.2725184e-02   4.4576573e-03   6.0061687e+02
   4.2585183e+00   7.6992684e+00   7.6992684e+00   2.4406620e+03   5.6522956e+01   5.6522956e+01   3.2725184e-02   3.2725184e-02   4.4576573e-03   6.0061687e+02
   4.3579130e+00   7.6992684e+00   7.6992685e+00   2.4406620e+03   5.6522956e+01   5.6522956e+01   3.2725184e-02   3.2725184e-02   4.4576573e-03   6.0061687e+02
   4.4596276e+00   7.6992685e+00   7.6992685e+00   2.4406620e+03   5.6522956e+01   5.6522956e+01   3.2725184e-02   3.2725184e-02   4.4576573e-03   6.0061687e+02
   4.5637163e+00   7.6992684e+00   7.6992684e+00   2.4406620e+03   5.6522956e+01   5.6522956e+01   3.2725184e-02   3.2725184e-02   4.4576573e-03   6.0061687e+02
   4.6702344e+00   7.6992683e+00   7.6992683e+00   2.4406620e+03   5.6522956e+01   5.6522956e+01   3.2725184e-02   3.2725184e-02   4.4576573e-03   6.0061687e+02
   4.7792386e+00   7.6992682e+00   7.6992682e+00   2.4406620e+03   5.6522955e+01   5.6522956e+01   3.2725184e-02   3.2725184e-02   4.4576573e-03   6.0061687e+02
   4.8907871e+00   7.6992681e+00   7.6992682e+00   2.4406620e+03   5.6522955e+01   5.6522955e+01   3.2725184e-02   3.2725184e-02   4.4576573e-03   6.0061687e+02
   5.0049391e+00   7.6992681e+00   7.6992681e+00   2.4406620e+03   5.6522955e+01   5.6522955e+01   3.2725184e-02   3.2725184e-02   4.4576573e-03   6.0061687e+02
   5.1217554e+00   7.6992680e+00   7.6992680e+00   2.4406620e+03   5.6522955e+01   5.6522955e+01   3.2725184e-02   3.2725184e-02   4.4576573e-03   6.0061687e+02
   5.2412983e+00   7.6992680e+00   7.6992680e+00   2.4406620e+03   5.6522955e+01   5.6522955e+01   3.2725184e-02   3.2725184e-02   4.4576573e-03   6.0061687e+02
   5.3636313e+00   7.6992680e+00   7.6992680e+00   2.4406620e+03   5.6522955e+01   5.6522955e+01   3.2725184e-02   3.2725184e-02   4.4576573e-03   6.0061687e+02
   5.4888196e+00   7.6992680e+00   7.6992680e+00   2.4406620e+03   5.6522955e+01   5.6522955e+01   3.2725184e-02   3.2725184e-02   4.4576573e-03   6.0061687e+02
   5.6169298e+00   7.6992680e+00   7.6992680e+00   2.4406620e+03   5.6522955e+01   5.6522955e+01   3.2725184e-02   3.2725184e-02   4.4576573e-03   6.0061687e+02
   5.7480302e+00   7.6992680e+00   7.6992680e+00   2.4406620e+03   5.6522955e+01   5.6522955e+01   3.2725184e-02   3.2725184e-02   4.4576573e-03   6.0061687e+02
   5.8821904e+00   7.6992680e+00   7.6992680e+00   2.4406620e+03   5.6522955e+01   5.6522955e+01   3.2725184e-02   3.2725184e-02   4.4576573e-03   6.0061687e+02
   6.0194820e+00   7.6992681e+00   7.6992681e+00   2.4406620e+03   5.6522955e+01   5.6522955e+01   3.2725184e-02   3.2725184e-02   4.4576573e-03   6.0061687e+02
   6.1599780e+00   7.6992681e+00   7.6992681e+00   2.4406620e+03   5.6522955e+01   5.6522955e+01   3.2725184e-02   3.2725184e-02   4.4576573e-03   6.0061687e+02
   6.3037532e+00   7.6992681e+00   7.6992681e+00   2.4406620e+03   5.6522955e+01   5.6522955e+01   3.2725184e-02   3.2725184e-02   4.4576573e-03   6.0061687e+02
   6.4508841e+00   7.6992681e+00   7.6992681e+00   2.4406620e+03   5.6522955e+01   5.6522955e+01   3.2725184e-02   3.2725184e-02   4.4576573e-03   6.0061687e+02
   6.6014491e+00   7.6992681e+00   7.6992681e+00   2.4406620e+03   5.6522955e+01   5.6522955e+01   3.2725184e-02   3.2725184e-02   4.4576573e-03   6.0061687e+02
   6.7555283e+00   7.6992681e+00   7.6992681e+00   2.4406620e+03   5.6522955e+01   5.6522955e+01   3.2725184e-02   3.2725184e-02   4.4576573e-03   6.0061687e+02
   6.9132038e+00   7.6992681e+00   7.6992681e+00   2.4406620e+03   5.6522955e+01   5.6522955e+01   3.2725184e-02   3.2725184e-02   4.4576573e-03   6.0061687e+02
   7.0745594e+00   7.6992681e+00   7.6992681e+00   2.4406620e+03   5.6522955e+01   5.6522955e+01   3.2725184e-02   3.2725184e-02   4.4576573e-03   6.0061687e+02
   7.2396811e+00   7.6992681e+00   7.6992681e+00   2.4406620e+03   5.6522955e+01   5.6522955e+01   3.2725184e-02   3.2725184e-02   4.4576573e-03   6.0061687e+02
   7.4086568e+00   7.6992681e+00   7.6992681e+00   2.4406620e+03   5.6522955e+01   5.6522955e+01   3.2725184e-02   3.2725184e-02   4.4576573e-03   6.0061687e+02
   7.5815765e+00   7.6992681e+00   7.6992681e+00   2.4406620e+03   5.6522955e+01   5.6522955e+01   3.2725184e-02   3.2725184e-02   4.4576573e-03   6.0061687e+02
   7.7585321e+00   7.6992681e+00   7.6992681e+00   2.4406620e+03   5.6522955e+01   5.6522955e+01   3.2725184e-02   3.2725184e-02   4.4576573e-03   6.0061687e+02
   7.9396178e+00   7.6992681e+00   7.6992681e+00   2.4406620e+03   5.6522955e+01   5.6522955e+01   3.2725184e-02   3.2725184e-02   4.4576573e-03   6.0061687e+02
   8.1249302e+00   7.6992681e+00   7.6992681e+00   2.4406620e+03   5.6522955e+01   5.6522955e+01   3.2725184e-02   3.2725184e-02   4.4576573e-03   6.0061687e+02
   8.3145678e+00   7.6992681e+00   7.6992681e+00   2.4406620e+03   5.6522955e+01   5.6522955e+01   3.2725184e-02   3.2725184e-02   4.4576573e-03   6.0061687e+02
   8.5086316e+00   7.6992681e+00   7.6992681e+00   2.4406620e+03   5.6522955e+01   5.6522955e+01   3.2725184e-02   3.2725184e-02   4.4576573e-03   6.0061687e+02
   8.7072248e+00   7.6992681e+00   7.6992681e+00   2.4406620e+03   5.6522955e+01   5.6522955e+01   3.2725184e-02   3.2725184e-02   4.4576573e-03   6.0061687e+02
   8.9104533e+00   7.6992681e+00   7.6992681e+00   2.4406620e+03   5.6522955e+01   5.6522955e+01   3.2725184e-02   3.2725184e-02   4.4576573e-03   6.0061687e+02
   9.1184252e+00   7.6992681e+00   7.6992681e+00   2.4406620e+03   5.6522955e+01   5.6522955e+01   3.2725184e-02   3.2725184e-02   4.4576573e-03   6.0061687e+02
   9.3312512e+00   7.6992681e+00   7.6992681e+00   2.4406620e+03   5.6522955e+01   5.6522955e+01   3.2725184e-02   3.2725184e-02   4.4576573e-03   6.0061687e+02
   9.5490446e+00   7.6992681e+00   7.6992681e+00   2.4406620e+03   5.6522955e+01   5.6522955e+01   3.2725184e-02   3.2725184e-02   4.4576573e-03   6.0061687e+02
   9.7719213e+00   7.6992681e+00   7.6992681e+00   2.4406620e+03   5.6522955e+01   5.6522955e+01   3.2725184e-02   3.2725184e-02   4.4576573e-03   6.0061687e+02
   1.0000000e+01   7.6992681e+00   7.6992681e+00   2.4406620e+03   5.6522955e+01   5.6522955e+01   3.2725184e-02   3.2725184e-02   4.4576573e-03   6.0061687e+02
